0.0, 0.7949520847343645, 0.7949520847343645, 0.8199920141223941, 0.8199920141223941, 0.9795834734364492, 0.9795834734364492, 1.0, 1.0, 1.0, 1.0, 1.0, 1.0, 1.0, 1.0, 1.0, 1.0, 1.0, 1.0, 1.0, 1.0, 1.0, 1.0, 1.0, 1.0, 1.0, 1.0, 1.0, 1.0, 1.0, 1.0, 1.0, 1.0, 1.0, 1.0, 1.0, 1.0, 1.0, 1.0, 1.0, 1.0, 1.0, 1.0, 1.0, 1.0, 1.0, 1.0, 1.0, 1.0, 1.0, 1.0
0.0, 0.8417220073974445, 0.8893220410221924, 0.8972448722259583, 1.0, 1.0, 1.0, 1.0, 1.0, 1.0, 1.0, 1.0, 1.0, 1.0, 1.0, 1.0, 1.0, 1.0, 1.0, 1.0, 1.0, 1.0, 1.0, 1.0, 1.0, 1.0, 1.0, 1.0, 1.0, 1.0, 1.0, 1.0, 1.0, 1.0, 1.0, 1.0, 1.0, 1.0, 1.0, 1.0, 1.0, 1.0, 1.0, 1.0, 1.0, 1.0, 1.0, 1.0, 1.0, 1.0, 1.0
0.5254392232683255, 0.8551719065232011, 0.8836478648285138, 0.8836478648285138, 0.9660284969737727, 0.9795834734364492, 0.9795834734364492, 0.9909633490248824, 0.9925710322797578, 0.9925710322797578, 0.9925710322797578, 0.9925710322797578, 0.9925710322797578, 0.9925710322797578, 0.9925710322797578, 0.9925710322797578, 1.0, 1.0, 1.0, 1.0, 1.0, 1.0, 1.0, 1.0, 1.0, 1.0, 1.0, 1.0, 1.0, 1.0, 1.0, 1.0, 1.0, 1.0, 1.0, 1.0, 1.0, 1.0, 1.0, 1.0, 1.0, 1.0, 1.0, 1.0, 1.0, 1.0, 1.0, 1.0, 1.0, 1.0, 1.0
0.629213601210491, 0.8224508238063215, 0.8276836751849361, 0.8812205783456624, 0.8958263281775387, 0.8958263281775387, 0.9373844149293881, 0.9909633490248824, 0.9909633490248824, 0.9909633490248824, 0.9909633490248824, 0.9909633490248824, 0.9909633490248824, 0.9909633490248824, 0.9909633490248824, 1.0, 1.0, 1.0, 1.0, 1.0, 1.0, 1.0, 1.0, 1.0, 1.0, 1.0, 1.0, 1.0, 1.0, 1.0, 1.0, 1.0, 1.0, 1.0, 1.0, 1.0, 1.0, 1.0, 1.0, 1.0, 1.0, 1.0, 1.0, 1.0, 1.0, 1.0, 1.0, 1.0, 1.0, 1.0, 1.0
0.0, 0.6884982347007398, 0.7595094989912575, 0.8494031607262945, 0.9978669300605245, 0.9978669300605245, 1.0, 1.0, 1.0, 1.0, 1.0, 1.0, 1.0, 1.0, 1.0, 1.0, 1.0, 1.0, 1.0, 1.0, 1.0, 1.0, 1.0, 1.0, 1.0, 1.0, 1.0, 1.0, 1.0, 1.0, 1.0, 1.0, 1.0, 1.0, 1.0, 1.0, 1.0, 1.0, 1.0, 1.0, 1.0, 1.0, 1.0, 1.0, 1.0, 1.0, 1.0, 1.0, 1.0, 1.0, 1.0
0.45873612979152656, 0.8512420141223941, 0.9200361466039004, 0.9200361466039004, 0.921917030934768, 0.9978669300605245, 0.9978669300605245, 1.0, 1.0, 1.0, 1.0, 1.0, 1.0, 1.0, 1.0, 1.0, 1.0, 1.0, 1.0, 1.0, 1.0, 1.0, 1.0, 1.0, 1.0, 1.0, 1.0, 1.0, 1.0, 1.0, 1.0, 1.0, 1.0, 1.0, 1.0, 1.0, 1.0, 1.0, 1.0, 1.0, 1.0, 1.0, 1.0, 1.0, 1.0, 1.0, 1.0, 1.0, 1.0, 1.0, 1.0
0.0, 0.8167661398789509, 0.8391265971755212, 0.8391265971755212, 0.9501092804303968, 0.9660284969737727, 0.9660284969737727, 0.9660284969737727, 0.9909633490248824, 0.9909633490248824, 0.9909633490248824, 0.9909633490248824, 0.9909633490248824, 0.9909633490248824, 0.9909633490248824, 0.9909633490248824, 1.0, 1.0, 1.0, 1.0, 1.0, 1.0, 1.0, 1.0, 1.0, 1.0, 1.0, 1.0, 1.0, 1.0, 1.0, 1.0, 1.0, 1.0, 1.0, 1.0, 1.0, 1.0, 1.0, 1.0, 1.0, 1.0, 1.0, 1.0, 1.0, 1.0, 1.0, 1.0, 1.0, 1.0, 1.0
0.38839736045729656, 0.8338412071284466, 0.8845305144586416, 0.8845305144586416, 0.9660284969737727, 0.9660284969737727, 0.9660284969737727, 0.9660284969737727, 0.9660284969737727, 0.9660284969737727, 0.9660284969737727, 0.9791421486213854, 1.0, 1.0, 1.0, 1.0, 1.0, 1.0, 1.0, 1.0, 1.0, 1.0, 1.0, 1.0, 1.0, 1.0, 1.0, 1.0, 1.0, 1.0, 1.0, 1.0, 1.0, 1.0, 1.0, 1.0, 1.0, 1.0, 1.0, 1.0, 1.0, 1.0, 1.0, 1.0, 1.0, 1.0, 1.0, 1.0, 1.0, 1.0, 1.0
0.6842951412239409, 0.8677076328177539, 0.8677076328177539, 0.8677076328177539, 0.9795834734364492, 0.9795834734364492, 0.9795834734364492, 0.9909633490248824, 0.9909633490248824, 0.9909633490248824, 0.9909633490248824, 0.9909633490248824, 1.0, 1.0, 1.0, 1.0, 1.0, 1.0, 1.0, 1.0, 1.0, 1.0, 1.0, 1.0, 1.0, 1.0, 1.0, 1.0, 1.0, 1.0, 1.0, 1.0, 1.0, 1.0, 1.0, 1.0, 1.0, 1.0, 1.0, 1.0, 1.0, 1.0, 1.0, 1.0, 1.0, 1.0, 1.0, 1.0, 1.0, 1.0, 1.0
0.0, 0.7805039509078682, 0.816209229993275, 0.8261285305985205, 0.9393178379287155, 0.9660284969737727, 0.9909633490248824, 0.9925710322797578, 0.9925710322797578, 0.9925710322797578, 0.9925710322797578, 0.9925710322797578, 0.9925710322797578, 0.9925710322797578, 0.9925710322797578, 1.0, 1.0, 1.0, 1.0, 1.0, 1.0, 1.0, 1.0, 1.0, 1.0, 1.0, 1.0, 1.0, 1.0, 1.0, 1.0, 1.0, 1.0, 1.0, 1.0, 1.0, 1.0, 1.0, 1.0, 1.0, 1.0, 1.0, 1.0, 1.0, 1.0, 1.0, 1.0, 1.0, 1.0, 1.0, 1.0
0.0, 0.820412323470074, 0.8703765971755212, 0.8703765971755212, 0.9632439475453934, 0.9632439475453934, 0.9660284969737727, 0.9660284969737727, 0.9925710322797578, 0.9925710322797578, 0.9925710322797578, 0.9925710322797578, 0.9925710322797578, 0.9925710322797578, 0.9925710322797578, 0.9925710322797578, 0.9925710322797578, 0.9925710322797578, 0.9925710322797578, 0.9925710322797578, 0.9925710322797578, 1.0, 1.0, 1.0, 1.0, 1.0, 1.0, 1.0, 1.0, 1.0, 1.0, 1.0, 1.0, 1.0, 1.0, 1.0, 1.0, 1.0, 1.0, 1.0, 1.0, 1.0, 1.0, 1.0, 1.0, 1.0, 1.0, 1.0, 1.0, 1.0, 1.0
0.5815820443846671, 0.816209229993275, 0.816209229993275, 0.8773011936785474, 0.8805690988567586, 0.95323007733692, 0.95323007733692, 0.9925710322797578, 0.9925710322797578, 0.9925710322797578, 0.9925710322797578, 0.9925710322797578, 0.9925710322797578, 0.9925710322797578, 0.9925710322797578, 0.9925710322797578, 1.0, 1.0, 1.0, 1.0, 1.0, 1.0, 1.0, 1.0, 1.0, 1.0, 1.0, 1.0, 1.0, 1.0, 1.0, 1.0, 1.0, 1.0, 1.0, 1.0, 1.0, 1.0, 1.0, 1.0, 1.0, 1.0, 1.0, 1.0, 1.0, 1.0, 1.0, 1.0, 1.0, 1.0, 1.0
0.6919342636180229, 0.7751765299260256, 0.8663311197041023, 0.8663311197041023, 0.9503614660390047, 0.9503614660390047, 0.9925710322797578, 0.9925710322797578, 0.9925710322797578, 1.0, 1.0, 1.0, 1.0, 1.0, 1.0, 1.0, 1.0, 1.0, 1.0, 1.0, 1.0, 1.0, 1.0, 1.0, 1.0, 1.0, 1.0, 1.0, 1.0, 1.0, 1.0, 1.0, 1.0, 1.0, 1.0, 1.0, 1.0, 1.0, 1.0, 1.0, 1.0, 1.0, 1.0, 1.0, 1.0, 1.0, 1.0, 1.0, 1.0, 1.0, 1.0
0.0, 0.8987790013449899, 0.925678799596503, 0.925678799596503, 0.9660284969737727, 0.9660284969737727, 0.9660284969737727, 0.9660284969737727, 0.9660284969737727, 0.9660284969737727, 0.9660284969737727, 0.9660284969737727, 0.9660284969737727, 0.9660284969737727, 0.9660284969737727, 0.9670372394082044, 0.9878950907868191, 0.9878950907868191, 1.0, 1.0, 1.0, 1.0, 1.0, 1.0, 1.0, 1.0, 1.0, 1.0, 1.0, 1.0, 1.0, 1.0, 1.0, 1.0, 1.0, 1.0, 1.0, 1.0, 1.0, 1.0, 1.0, 1.0, 1.0, 1.0, 1.0, 1.0, 1.0, 1.0, 1.0, 1.0, 1.0
0.45141223940820446, 0.9078471755211835, 0.9154547747141897, 0.9154547747141897, 0.9154547747141897, 0.964935692669805, 0.964935692669805, 0.964935692669805, 0.964935692669805, 0.964935692669805, 0.964935692669805, 0.964935692669805, 0.964935692669805, 0.964935692669805, 0.964935692669805, 0.9791421486213854, 1.0, 1.0, 1.0, 1.0, 1.0, 1.0, 1.0, 1.0, 1.0, 1.0, 1.0, 1.0, 1.0, 1.0, 1.0, 1.0, 1.0, 1.0, 1.0, 1.0, 1.0, 1.0, 1.0, 1.0, 1.0, 1.0, 1.0, 1.0, 1.0, 1.0, 1.0, 1.0, 1.0, 1.0, 1.0
0.5910179892400808, 0.9552475622057834, 0.9552475622057834, 0.9552475622057834, 1.0, 1.0, 1.0, 1.0, 1.0, 1.0, 1.0, 1.0, 1.0, 1.0, 1.0, 1.0, 1.0, 1.0, 1.0, 1.0, 1.0, 1.0, 1.0, 1.0, 1.0, 1.0, 1.0, 1.0, 1.0, 1.0, 1.0, 1.0, 1.0, 1.0, 1.0, 1.0, 1.0, 1.0, 1.0, 1.0, 1.0, 1.0, 1.0, 1.0, 1.0, 1.0, 1.0, 1.0, 1.0, 1.0, 1.0
0.6609994956287828, 0.8812205783456624, 0.8812205783456624, 0.8812205783456624, 0.9484490585070612, 0.9484490585070612, 0.9660284969737727, 0.9660284969737727, 0.9660284969737727, 0.9660284969737727, 0.9660284969737727, 0.9660284969737727, 0.9660284969737727, 0.9660284969737727, 0.9660284969737727, 0.9660284969737727, 0.9660284969737727, 0.9660284969737727, 0.9660284969737727, 0.9791421486213854, 1.0, 1.0, 1.0, 1.0, 1.0, 1.0, 1.0, 1.0, 1.0, 1.0, 1.0, 1.0, 1.0, 1.0, 1.0, 1.0, 1.0, 1.0, 1.0, 1.0, 1.0, 1.0, 1.0, 1.0, 1.0, 1.0, 1.0, 1.0, 1.0, 1.0, 1.0
0.46776227303295226, 0.8963517148621385, 0.9431426529926026, 0.9431426529926026, 0.9660284969737727, 0.9660284969737727, 0.9660284969737727, 0.9660284969737727, 0.9660284969737727, 0.9660284969737727, 0.9660284969737727, 0.9660284969737727, 0.9670372394082044, 0.9878950907868191, 0.9878950907868191, 1.0, 1.0, 1.0, 1.0, 1.0, 1.0, 1.0, 1.0, 1.0, 1.0, 1.0, 1.0, 1.0, 1.0, 1.0, 1.0, 1.0, 1.0, 1.0, 1.0, 1.0, 1.0, 1.0, 1.0, 1.0, 1.0, 1.0, 1.0, 1.0, 1.0, 1.0, 1.0, 1.0, 1.0, 1.0, 1.0
0.0, 0.8353543207800942, 0.8615816240753195, 0.8615816240753195, 0.9660284969737727, 0.9660284969737727, 0.9660284969737727, 0.9660284969737727, 0.9660284969737727, 0.9660284969737727, 0.9660284969737727, 0.9660284969737727, 0.9660284969737727, 0.9660284969737727, 0.9660284969737727, 0.9660284969737727, 0.9660284969737727, 0.9660284969737727, 0.9660284969737727, 0.9795834734364492, 0.9795834734364492, 0.9909633490248824, 0.9909633490248824, 0.9909633490248824, 0.9909633490248824, 0.9909633490248824, 0.9909633490248824, 0.9909633490248824, 0.9909633490248824, 0.9909633490248824, 1.0, 1.0, 1.0, 1.0, 1.0, 1.0, 1.0, 1.0, 1.0, 1.0, 1.0, 1.0, 1.0, 1.0, 1.0, 1.0, 1.0, 1.0, 1.0, 1.0, 1.0
0.0, 0.742308338937458, 0.7668438971082717, 0.7763113651647613, 0.9275071452589105, 0.9660284969737727, 0.9978669300605245, 0.9978669300605245, 0.9978669300605245, 0.9978669300605245, 0.9978669300605245, 0.9978669300605245, 0.9978669300605245, 0.9978669300605245, 0.9978669300605245, 1.0, 1.0, 1.0, 1.0, 1.0, 1.0, 1.0, 1.0, 1.0, 1.0, 1.0, 1.0, 1.0, 1.0, 1.0, 1.0, 1.0, 1.0, 1.0, 1.0, 1.0, 1.0, 1.0, 1.0, 1.0, 1.0, 1.0, 1.0, 1.0, 1.0, 1.0, 1.0, 1.0, 1.0, 1.0, 1.0
0.714914677202421, 0.9614891560188299, 0.9614891560188299, 0.9925710322797578, 0.9925710322797578, 0.9925710322797578, 0.9925710322797578, 0.9925710322797578, 0.9925710322797578, 0.9925710322797578, 0.9925710322797578, 0.9925710322797578, 0.9925710322797578, 0.9925710322797578, 0.9925710322797578, 0.9925710322797578, 1.0, 1.0, 1.0, 1.0, 1.0, 1.0, 1.0, 1.0, 1.0, 1.0, 1.0, 1.0, 1.0, 1.0, 1.0, 1.0, 1.0, 1.0, 1.0, 1.0, 1.0, 1.0, 1.0, 1.0, 1.0, 1.0, 1.0, 1.0, 1.0, 1.0, 1.0, 1.0, 1.0, 1.0, 1.0
0.0, 0.7871868695359785, 0.8117224277067921, 0.8382439475453934, 0.9562037659717552, 0.9562037659717552, 0.9562037659717552, 0.9660284969737727, 0.9660284969737727, 0.9925710322797578, 0.9925710322797578, 0.9925710322797578, 0.9925710322797578, 1.0, 1.0, 1.0, 1.0, 1.0, 1.0, 1.0, 1.0, 1.0, 1.0, 1.0, 1.0, 1.0, 1.0, 1.0, 1.0, 1.0, 1.0, 1.0, 1.0, 1.0, 1.0, 1.0, 1.0, 1.0, 1.0, 1.0, 1.0, 1.0, 1.0, 1.0, 1.0, 1.0, 1.0, 1.0, 1.0, 1.0, 1.0
0.0, 0.8584187962340283, 0.9322461331540014, 0.9322461331540014, 0.9552475622057834, 0.9552475622057834, 0.9623823133826497, 0.9623823133826497, 0.9623823133826497, 0.9623823133826497, 0.9623823133826497, 0.9623823133826497, 0.9623823133826497, 0.9623823133826497, 0.9791421486213854, 1.0, 1.0, 1.0, 1.0, 1.0, 1.0, 1.0, 1.0, 1.0, 1.0, 1.0, 1.0, 1.0, 1.0, 1.0, 1.0, 1.0, 1.0, 1.0, 1.0, 1.0, 1.0, 1.0, 1.0, 1.0, 1.0, 1.0, 1.0, 1.0, 1.0, 1.0, 1.0, 1.0, 1.0, 1.0, 1.0
0.6655073133826497, 0.8157363819771352, 0.9281796402151984, 0.9281796402151984, 0.949300184936113, 0.9925710322797578, 0.9925710322797578, 0.9925710322797578, 0.9925710322797578, 0.9925710322797578, 1.0, 1.0, 1.0, 1.0, 1.0, 1.0, 1.0, 1.0, 1.0, 1.0, 1.0, 1.0, 1.0, 1.0, 1.0, 1.0, 1.0, 1.0, 1.0, 1.0, 1.0, 1.0, 1.0, 1.0, 1.0, 1.0, 1.0, 1.0, 1.0, 1.0, 1.0, 1.0, 1.0, 1.0, 1.0, 1.0, 1.0, 1.0, 1.0, 1.0, 1.0
0.0, 0.8858124579690653, 0.9195212676529926, 0.9321095326160054, 1.0, 1.0, 1.0, 1.0, 1.0, 1.0, 1.0, 1.0, 1.0, 1.0, 1.0, 1.0, 1.0, 1.0, 1.0, 1.0, 1.0, 1.0, 1.0, 1.0, 1.0, 1.0, 1.0, 1.0, 1.0, 1.0, 1.0, 1.0, 1.0, 1.0, 1.0, 1.0, 1.0, 1.0, 1.0, 1.0, 1.0, 1.0, 1.0, 1.0, 1.0, 1.0, 1.0, 1.0, 1.0, 1.0, 1.0
0.7123192669804976, 0.859343476798924, 0.8999873907195696, 0.8999873907195696, 0.8999873907195696, 0.9510970073974445, 0.9510970073974445, 0.9552475622057834, 0.9925710322797578, 0.9925710322797578, 0.9925710322797578, 0.9925710322797578, 0.9925710322797578, 0.9925710322797578, 0.9925710322797578, 0.9925710322797578, 1.0, 1.0, 1.0, 1.0, 1.0, 1.0, 1.0, 1.0, 1.0, 1.0, 1.0, 1.0, 1.0, 1.0, 1.0, 1.0, 1.0, 1.0, 1.0, 1.0, 1.0, 1.0, 1.0, 1.0, 1.0, 1.0, 1.0, 1.0, 1.0, 1.0, 1.0, 1.0, 1.0, 1.0, 1.0
0.6865753194351042, 0.9115143745796906, 0.9521582885003362, 0.9521582885003362, 0.9521582885003362, 0.9521582885003362, 0.9788584398117014, 0.9909633490248824, 0.9909633490248824, 0.9909633490248824, 0.9909633490248824, 0.9909633490248824, 0.9909633490248824, 0.9909633490248824, 0.9909633490248824, 0.9909633490248824, 1.0, 1.0, 1.0, 1.0, 1.0, 1.0, 1.0, 1.0, 1.0, 1.0, 1.0, 1.0, 1.0, 1.0, 1.0, 1.0, 1.0, 1.0, 1.0, 1.0, 1.0, 1.0, 1.0, 1.0, 1.0, 1.0, 1.0, 1.0, 1.0, 1.0, 1.0, 1.0, 1.0, 1.0, 1.0
0.0, 0.8128992938802959, 0.8391265971755212, 0.8391265971755212, 0.9444876429051782, 0.9660284969737727, 0.9660284969737727, 0.9788584398117014, 0.9788584398117014, 0.9788584398117014, 0.9788584398117014, 0.9788584398117014, 0.9788584398117014, 0.9788584398117014, 0.9791421486213854, 1.0, 1.0, 1.0, 1.0, 1.0, 1.0, 1.0, 1.0, 1.0, 1.0, 1.0, 1.0, 1.0, 1.0, 1.0, 1.0, 1.0, 1.0, 1.0, 1.0, 1.0, 1.0, 1.0, 1.0, 1.0, 1.0, 1.0, 1.0, 1.0, 1.0, 1.0, 1.0, 1.0, 1.0, 1.0, 1.0
0.44911104572965704, 0.8916127269670477, 0.8986318930733019, 0.9423440652320108, 0.9423440652320108, 1.0, 1.0, 1.0, 1.0, 1.0, 1.0, 1.0, 1.0, 1.0, 1.0, 1.0, 1.0, 1.0, 1.0, 1.0, 1.0, 1.0, 1.0, 1.0, 1.0, 1.0, 1.0, 1.0, 1.0, 1.0, 1.0, 1.0, 1.0, 1.0, 1.0, 1.0, 1.0, 1.0, 1.0, 1.0, 1.0, 1.0, 1.0, 1.0, 1.0, 1.0, 1.0, 1.0, 1.0, 1.0, 1.0
0.0, 0.8621490416946873, 0.9383406186953598, 0.9383406186953598, 0.9503614660390047, 0.9503614660390047, 0.9503614660390047, 0.9637798419636853, 0.9637798419636853, 0.9637798419636853, 0.9637798419636853, 0.9660284969737727, 0.9660284969737727, 0.9660284969737727, 0.9660284969737727, 0.9791421486213854, 1.0, 1.0, 1.0, 1.0, 1.0, 1.0, 1.0, 1.0, 1.0, 1.0, 1.0, 1.0, 1.0, 1.0, 1.0, 1.0, 1.0, 1.0, 1.0, 1.0, 1.0, 1.0, 1.0, 1.0, 1.0, 1.0, 1.0, 1.0, 1.0, 1.0, 1.0, 1.0, 1.0, 1.0, 1.0