0.5518031271015468, 0.9421128950907868, 0.9421128950907868, 0.9421128950907868, 0.9775659885675857, 0.9775659885675857, 0.9978669300605245, 1.0, 1.0, 1.0, 1.0, 1.0, 1.0, 1.0, 1.0, 1.0, 1.0, 1.0, 1.0, 1.0, 1.0, 1.0, 1.0, 1.0, 1.0, 1.0, 1.0, 1.0, 1.0, 1.0, 1.0, 1.0, 1.0, 1.0, 1.0, 1.0, 1.0, 1.0, 1.0, 1.0, 1.0, 1.0, 1.0, 1.0, 1.0, 1.0, 1.0, 1.0, 1.0, 1.0, 1.0
0.5322062037659717, 0.8796023873570948, 0.8796023873570948, 0.8796023873570948, 0.8796023873570948, 0.9040538836583726, 0.9584944519166106, 0.9637798419636853, 0.9660284969737727, 0.9660284969737727, 0.9660284969737727, 0.9660284969737727, 0.9660284969737727, 0.9660284969737727, 0.9660284969737727, 0.9925710322797578, 0.9925710322797578, 0.9925710322797578, 0.9925710322797578, 0.9925710322797578, 1.0, 1.0, 1.0, 1.0, 1.0, 1.0, 1.0, 1.0, 1.0, 1.0, 1.0, 1.0, 1.0, 1.0, 1.0, 1.0, 1.0, 1.0, 1.0, 1.0, 1.0, 1.0, 1.0, 1.0, 1.0, 1.0, 1.0, 1.0, 1.0, 1.0, 1.0
0.0, 0.8972974108944183, 0.9513176698049765, 0.9552475622057834, 0.9552475622057834, 0.9552475622057834, 0.9552475622057834, 0.9660284969737727, 0.9660284969737727, 0.9925710322797578, 0.9925710322797578, 0.9925710322797578, 0.9925710322797578, 0.9978669300605245, 1.0, 1.0, 1.0, 1.0, 1.0, 1.0, 1.0, 1.0, 1.0, 1.0, 1.0, 1.0, 1.0, 1.0, 1.0, 1.0, 1.0, 1.0, 1.0, 1.0, 1.0, 1.0, 1.0, 1.0, 1.0, 1.0, 1.0, 1.0, 1.0, 1.0, 1.0, 1.0, 1.0, 1.0, 1.0, 1.0, 1.0
0.5275828009414929, 0.8235121049092132, 0.8896057498318762, 0.8896057498318762, 0.8896057498318762, 0.9351672831203766, 0.9925710322797578, 0.9925710322797578, 0.9925710322797578, 0.9925710322797578, 1.0, 1.0, 1.0, 1.0, 1.0, 1.0, 1.0, 1.0, 1.0, 1.0, 1.0, 1.0, 1.0, 1.0, 1.0, 1.0, 1.0, 1.0, 1.0, 1.0, 1.0, 1.0, 1.0, 1.0, 1.0, 1.0, 1.0, 1.0, 1.0, 1.0, 1.0, 1.0, 1.0, 1.0, 1.0, 1.0, 1.0, 1.0, 1.0, 1.0, 1.0
0.6276479488903833, 0.8234805817081372, 0.8641770342972428, 0.8700928883658372, 0.9660284969737727, 0.9660284969737727, 0.9925710322797578, 0.9925710322797578, 0.9925710322797578, 0.9925710322797578, 0.9978669300605245, 1.0, 1.0, 1.0, 1.0, 1.0, 1.0, 1.0, 1.0, 1.0, 1.0, 1.0, 1.0, 1.0, 1.0, 1.0, 1.0, 1.0, 1.0, 1.0, 1.0, 1.0, 1.0, 1.0, 1.0, 1.0, 1.0, 1.0, 1.0, 1.0, 1.0, 1.0, 1.0, 1.0, 1.0, 1.0, 1.0, 1.0, 1.0, 1.0, 1.0
0.5500903665097512, 0.8958263281775387, 0.8958263281775387, 0.9008175016812374, 0.9292934599865501, 0.9660284969737727, 0.9660284969737727, 0.9660284969737727, 0.9660284969737727, 0.9660284969737727, 0.9660284969737727, 0.9660284969737727, 0.9791421486213854, 1.0, 1.0, 1.0, 1.0, 1.0, 1.0, 1.0, 1.0, 1.0, 1.0, 1.0, 1.0, 1.0, 1.0, 1.0, 1.0, 1.0, 1.0, 1.0, 1.0, 1.0, 1.0, 1.0, 1.0, 1.0, 1.0, 1.0, 1.0, 1.0, 1.0, 1.0, 1.0, 1.0, 1.0, 1.0, 1.0, 1.0, 1.0
0.6464778076664425, 0.8363525554808339, 0.8635991089441829, 0.8635991089441829, 0.9534192165433759, 0.9534192165433759, 0.9534192165433759, 0.9632439475453934, 0.9632439475453934, 0.9632439475453934, 0.9632439475453934, 0.9660284969737727, 0.9660284969737727, 0.9660284969737727, 0.9660284969737727, 0.9660284969737727, 0.9660284969737727, 0.9660284969737727, 0.9660284969737727, 0.9660284969737727, 0.9660284969737727, 0.9660284969737727, 0.9660284969737727, 0.9660284969737727, 0.9660284969737727, 0.9660284969737727, 0.9795834734364492, 0.9795834734364492, 0.9909633490248824, 0.9909633490248824, 0.9909633490248824, 0.9909633490248824, 0.9909633490248824, 0.9909633490248824, 0.9909633490248824, 0.9909633490248824, 0.9909633490248824, 1.0, 1.0, 1.0, 1.0, 1.0, 1.0, 1.0, 1.0, 1.0, 1.0, 1.0, 1.0, 1.0, 1.0
0.6137357094821789, 0.8592594149293881, 0.8592594149293881, 0.8692207464694015, 0.882964862138534, 0.9399377942165433, 0.9501092804303968, 0.9632439475453934, 0.9660284969737727, 0.9660284969737727, 0.9660284969737727, 0.9660284969737727, 0.9660284969737727, 0.9660284969737727, 0.9660284969737727, 0.9660284969737727, 0.9660284969737727, 0.9660284969737727, 0.9660284969737727, 0.9660284969737727, 0.9660284969737727, 0.9660284969737727, 0.9660284969737727, 0.9660284969737727, 0.9660284969737727, 0.9660284969737727, 0.9795834734364492, 0.9795834734364492, 0.9909633490248824, 0.9909633490248824, 0.9909633490248824, 0.9909633490248824, 0.9909633490248824, 0.9909633490248824, 0.9909633490248824, 0.9909633490248824, 0.9909633490248824, 1.0, 1.0, 1.0, 1.0, 1.0, 1.0, 1.0, 1.0, 1.0, 1.0, 1.0, 1.0, 1.0, 1.0
0.0, 0.7548966039004708, 0.7548966039004708, 0.7765215198386012, 0.8384435944855414, 0.9592825319435104, 0.9660284969737727, 0.9909633490248824, 0.9909633490248824, 0.9909633490248824, 0.9909633490248824, 0.9909633490248824, 0.9909633490248824, 0.9909633490248824, 0.9909633490248824, 0.9909633490248824, 1.0, 1.0, 1.0, 1.0, 1.0, 1.0, 1.0, 1.0, 1.0, 1.0, 1.0, 1.0, 1.0, 1.0, 1.0, 1.0, 1.0, 1.0, 1.0, 1.0, 1.0, 1.0, 1.0, 1.0, 1.0, 1.0, 1.0, 1.0, 1.0, 1.0, 1.0, 1.0, 1.0, 1.0, 1.0
0.43733187626092807, 0.8658897948890383, 0.8658897948890383, 0.8799071116341628, 0.9660284969737727, 0.9660284969737727, 0.9660284969737727, 0.9660284969737727, 0.9660284969737727, 0.9660284969737727, 0.9660284969737727, 0.9660284969737727, 0.9660284969737727, 0.9660284969737727, 0.9660284969737727, 0.9791421486213854, 1.0, 1.0, 1.0, 1.0, 1.0, 1.0, 1.0, 1.0, 1.0, 1.0, 1.0, 1.0, 1.0, 1.0, 1.0, 1.0, 1.0, 1.0, 1.0, 1.0, 1.0, 1.0, 1.0, 1.0, 1.0, 1.0, 1.0, 1.0, 1.0, 1.0, 1.0, 1.0, 1.0, 1.0, 1.0
0.0, 0.7681993947545394, 0.7944266980497646, 0.7944266980497646, 0.9682141055817082, 0.9682141055817082, 0.9682141055817082, 1.0, 1.0, 1.0, 1.0, 1.0, 1.0, 1.0, 1.0, 1.0, 1.0, 1.0, 1.0, 1.0, 1.0, 1.0, 1.0, 1.0, 1.0, 1.0, 1.0, 1.0, 1.0, 1.0, 1.0, 1.0, 1.0, 1.0, 1.0, 1.0, 1.0, 1.0, 1.0, 1.0, 1.0, 1.0, 1.0, 1.0, 1.0, 1.0, 1.0, 1.0, 1.0, 1.0, 1.0
0.0, 0.8309410726294553, 0.8309410726294553, 0.8309410726294553, 0.9314790685944856, 0.95323007733692, 0.9925710322797578, 0.9925710322797578, 0.9925710322797578, 0.9925710322797578, 0.9925710322797578, 0.9925710322797578, 0.9925710322797578, 0.9925710322797578, 0.9925710322797578, 0.9925710322797578, 0.9925710322797578, 0.9925710322797578, 0.9925710322797578, 0.9925710322797578, 0.9925710322797578, 0.9925710322797578, 0.9925710322797578, 0.9925710322797578, 0.9925710322797578, 0.9925710322797578, 0.9925710322797578, 0.9925710322797578, 0.9925710322797578, 0.9925710322797578, 0.9925710322797578, 0.9925710322797578, 0.9925710322797578, 0.9925710322797578, 0.9925710322797578, 0.9925710322797578, 1.0, 1.0, 1.0, 1.0, 1.0, 1.0, 1.0, 1.0, 1.0, 1.0, 1.0, 1.0, 1.0, 1.0, 1.0
0.0, 0.8297642064559516, 0.9147087256220578, 0.9221692165433759, 0.9660284969737727, 0.9673209482178884, 0.9673209482178884, 0.9673209482178884, 0.9909633490248824, 0.9909633490248824, 0.9909633490248824, 0.9909633490248824, 0.9909633490248824, 0.9909633490248824, 0.9909633490248824, 0.9909633490248824, 1.0, 1.0, 1.0, 1.0, 1.0, 1.0, 1.0, 1.0, 1.0, 1.0, 1.0, 1.0, 1.0, 1.0, 1.0, 1.0, 1.0, 1.0, 1.0, 1.0, 1.0, 1.0, 1.0, 1.0, 1.0, 1.0, 1.0, 1.0, 1.0, 1.0, 1.0, 1.0, 1.0, 1.0, 1.0
0.5291799764626766, 0.9188697881640888, 0.9290412743779422, 0.92976630800269, 0.9660284969737727, 0.9660284969737727, 0.9660284969737727, 0.9660284969737727, 0.9660284969737727, 0.9660284969737727, 0.9660284969737727, 0.9660284969737727, 0.9660284969737727, 0.9660284969737727, 0.9660284969737727, 0.9660284969737727, 0.9660284969737727, 0.9660284969737727, 0.9660284969737727, 0.9791421486213854, 1.0, 1.0, 1.0, 1.0, 1.0, 1.0, 1.0, 1.0, 1.0, 1.0, 1.0, 1.0, 1.0, 1.0, 1.0, 1.0, 1.0, 1.0, 1.0, 1.0, 1.0, 1.0, 1.0, 1.0, 1.0, 1.0, 1.0, 1.0, 1.0, 1.0, 1.0
0.7076328177538669, 0.9206035642232683, 0.9206035642232683, 0.9206035642232683, 0.933633154001345, 0.9775659885675857, 0.9775659885675857, 1.0, 1.0, 1.0, 1.0, 1.0, 1.0, 1.0, 1.0, 1.0, 1.0, 1.0, 1.0, 1.0, 1.0, 1.0, 1.0, 1.0, 1.0, 1.0, 1.0, 1.0, 1.0, 1.0, 1.0, 1.0, 1.0, 1.0, 1.0, 1.0, 1.0, 1.0, 1.0, 1.0, 1.0, 1.0, 1.0, 1.0, 1.0, 1.0, 1.0, 1.0, 1.0, 1.0, 1.0
0.0, 0.8173860961667787, 0.8391265971755212, 0.8391265971755212, 0.9503614660390047, 0.9660284969737727, 0.9660284969737727, 0.9660284969737727, 0.9791421486213854, 1.0, 1.0, 1.0, 1.0, 1.0, 1.0, 1.0, 1.0, 1.0, 1.0, 1.0, 1.0, 1.0, 1.0, 1.0, 1.0, 1.0, 1.0, 1.0, 1.0, 1.0, 1.0, 1.0, 1.0, 1.0, 1.0, 1.0, 1.0, 1.0, 1.0, 1.0, 1.0, 1.0, 1.0, 1.0, 1.0, 1.0, 1.0, 1.0, 1.0, 1.0, 1.0
0.0, 0.8030850706119704, 0.8030850706119704, 0.8481737558843309, 0.8481737558843309, 0.9659024041694687, 0.9978669300605245, 0.9978669300605245, 0.9978669300605245, 0.9978669300605245, 0.9978669300605245, 0.9978669300605245, 0.9978669300605245, 0.9978669300605245, 0.9978669300605245, 0.9978669300605245, 1.0, 1.0, 1.0, 1.0, 1.0, 1.0, 1.0, 1.0, 1.0, 1.0, 1.0, 1.0, 1.0, 1.0, 1.0, 1.0, 1.0, 1.0, 1.0, 1.0, 1.0, 1.0, 1.0, 1.0, 1.0, 1.0, 1.0, 1.0, 1.0, 1.0, 1.0, 1.0, 1.0, 1.0, 1.0
0.6930480833893746, 0.8912659717552118, 0.8912659717552118, 0.8912659717552118, 0.9242497478143914, 0.9444876429051782, 0.9444876429051782, 0.9444876429051782, 0.9660284969737727, 0.9660284969737727, 0.9660284969737727, 0.9660284969737727, 0.9660284969737727, 0.9660284969737727, 0.9660284969737727, 0.9791421486213854, 1.0, 1.0, 1.0, 1.0, 1.0, 1.0, 1.0, 1.0, 1.0, 1.0, 1.0, 1.0, 1.0, 1.0, 1.0, 1.0, 1.0, 1.0, 1.0, 1.0, 1.0, 1.0, 1.0, 1.0, 1.0, 1.0, 1.0, 1.0, 1.0, 1.0, 1.0, 1.0, 1.0, 1.0, 1.0
0.6379875588433087, 0.882807246133154, 0.9086457632817754, 0.9086457632817754, 0.9775659885675857, 0.9775659885675857, 1.0, 1.0, 1.0, 1.0, 1.0, 1.0, 1.0, 1.0, 1.0, 1.0, 1.0, 1.0, 1.0, 1.0, 1.0, 1.0, 1.0, 1.0, 1.0, 1.0, 1.0, 1.0, 1.0, 1.0, 1.0, 1.0, 1.0, 1.0, 1.0, 1.0, 1.0, 1.0, 1.0, 1.0, 1.0, 1.0, 1.0, 1.0, 1.0, 1.0, 1.0, 1.0, 1.0, 1.0, 1.0
0.0, 0.9312268829858776, 0.9312268829858776, 0.9312268829858776, 0.9312268829858776, 0.9795834734364492, 0.9795834734364492, 0.9909633490248824, 0.9909633490248824, 0.9909633490248824, 0.9909633490248824, 0.9909633490248824, 0.9909633490248824, 0.9909633490248824, 0.9909633490248824, 0.9909633490248824, 1.0, 1.0, 1.0, 1.0, 1.0, 1.0, 1.0, 1.0, 1.0, 1.0, 1.0, 1.0, 1.0, 1.0, 1.0, 1.0, 1.0, 1.0, 1.0, 1.0, 1.0, 1.0, 1.0, 1.0, 1.0, 1.0, 1.0, 1.0, 1.0, 1.0, 1.0, 1.0, 1.0, 1.0, 1.0
0.4278854236718225, 0.8586814895763282, 0.8993254034969738, 0.8993254034969738, 0.9795834734364492, 0.9795834734364492, 0.9925710322797578, 0.9925710322797578, 0.9925710322797578, 0.9925710322797578, 0.9925710322797578, 1.0, 1.0, 1.0, 1.0, 1.0, 1.0, 1.0, 1.0, 1.0, 1.0, 1.0, 1.0, 1.0, 1.0, 1.0, 1.0, 1.0, 1.0, 1.0, 1.0, 1.0, 1.0, 1.0, 1.0, 1.0, 1.0, 1.0, 1.0, 1.0, 1.0, 1.0, 1.0, 1.0, 1.0, 1.0, 1.0, 1.0, 1.0, 1.0, 1.0
0.605550184936113, 0.917766476126429, 0.917766476126429, 0.917766476126429, 0.9292199058507061, 0.9292199058507061, 0.9788584398117014, 0.9788584398117014, 0.9788584398117014, 0.9788584398117014, 0.9788584398117014, 0.9788584398117014, 0.9788584398117014, 0.9788584398117014, 0.9788584398117014, 0.9878950907868191, 0.9878950907868191, 0.9878950907868191, 1.0, 1.0, 1.0, 1.0, 1.0, 1.0, 1.0, 1.0, 1.0, 1.0, 1.0, 1.0, 1.0, 1.0, 1.0, 1.0, 1.0, 1.0, 1.0, 1.0, 1.0, 1.0, 1.0, 1.0, 1.0, 1.0, 1.0, 1.0, 1.0, 1.0, 1.0, 1.0, 1.0
0.5671654337592468, 0.7901815736381977, 0.844054724277068, 0.844054724277068, 0.9194056825823806, 0.9444876429051782, 0.9562878278412912, 0.9682141055817082, 0.9682141055817082, 0.9682141055817082, 0.9682141055817082, 0.9682141055817082, 0.9682141055817082, 0.9682141055817082, 0.9791421486213854, 1.0, 1.0, 1.0, 1.0, 1.0, 1.0, 1.0, 1.0, 1.0, 1.0, 1.0, 1.0, 1.0, 1.0, 1.0, 1.0, 1.0, 1.0, 1.0, 1.0, 1.0, 1.0, 1.0, 1.0, 1.0, 1.0, 1.0, 1.0, 1.0, 1.0, 1.0, 1.0, 1.0, 1.0, 1.0, 1.0
0.5778097679892401, 0.8762399125756557, 0.9164845326160054, 0.9164845326160054, 0.9444876429051782, 0.9660284969737727, 0.9660284969737727, 0.9660284969737727, 0.9660284969737727, 0.9660284969737727, 0.9660284969737727, 0.9660284969737727, 0.9925710322797578, 0.9925710322797578, 0.9925710322797578, 0.9925710322797578, 0.9925710322797578, 1.0, 1.0, 1.0, 1.0, 1.0, 1.0, 1.0, 1.0, 1.0, 1.0, 1.0, 1.0, 1.0, 1.0, 1.0, 1.0, 1.0, 1.0, 1.0, 1.0, 1.0, 1.0, 1.0, 1.0, 1.0, 1.0, 1.0, 1.0, 1.0, 1.0, 1.0, 1.0, 1.0, 1.0
0.6410242938802959, 0.8681384498991258, 0.9191009583053127, 0.9191009583053127, 0.9191009583053127, 0.9637798419636853, 0.9637798419636853, 0.9637798419636853, 0.9637798419636853, 0.9637798419636853, 0.9637798419636853, 0.9637798419636853, 0.9637798419636853, 0.9637798419636853, 0.9637798419636853, 0.9637798419636853, 0.9637798419636853, 0.9637798419636853, 0.9637798419636853, 0.9791421486213854, 1.0, 1.0, 1.0, 1.0, 1.0, 1.0, 1.0, 1.0, 1.0, 1.0, 1.0, 1.0, 1.0, 1.0, 1.0, 1.0, 1.0, 1.0, 1.0, 1.0, 1.0, 1.0, 1.0, 1.0, 1.0, 1.0, 1.0, 1.0, 1.0, 1.0, 1.0
0.6376723268325487, 0.9019418291862811, 0.9019418291862811, 0.9019418291862811, 0.9269292199058508, 0.9434263618022865, 0.9434263618022865, 0.9637798419636853, 0.9637798419636853, 0.9637798419636853, 0.9637798419636853, 0.9637798419636853, 0.9791421486213854, 1.0, 1.0, 1.0, 1.0, 1.0, 1.0, 1.0, 1.0, 1.0, 1.0, 1.0, 1.0, 1.0, 1.0, 1.0, 1.0, 1.0, 1.0, 1.0, 1.0, 1.0, 1.0, 1.0, 1.0, 1.0, 1.0, 1.0, 1.0, 1.0, 1.0, 1.0, 1.0, 1.0, 1.0, 1.0, 1.0, 1.0, 1.0
0.0, 0.8501807330195024, 0.8501807330195024, 0.8501807330195024, 0.9660284969737727, 1.0, 1.0, 1.0, 1.0, 1.0, 1.0, 1.0, 1.0, 1.0, 1.0, 1.0, 1.0, 1.0, 1.0, 1.0, 1.0, 1.0, 1.0, 1.0, 1.0, 1.0, 1.0, 1.0, 1.0, 1.0, 1.0, 1.0, 1.0, 1.0, 1.0, 1.0, 1.0, 1.0, 1.0, 1.0, 1.0, 1.0, 1.0, 1.0, 1.0, 1.0, 1.0, 1.0, 1.0, 1.0, 1.0
0.6282994283792872, 0.8849193006052455, 0.8849193006052455, 0.8849193006052455, 0.8921065904505716, 0.9660284969737727, 0.9660284969737727, 0.9660284969737727, 0.9660284969737727, 0.9660284969737727, 0.9660284969737727, 0.9660284969737727, 0.9660284969737727, 0.9660284969737727, 0.9660284969737727, 0.9660284969737727, 0.9660284969737727, 0.9660284969737727, 0.9660284969737727, 0.9791421486213854, 1.0, 1.0, 1.0, 1.0, 1.0, 1.0, 1.0, 1.0, 1.0, 1.0, 1.0, 1.0, 1.0, 1.0, 1.0, 1.0, 1.0, 1.0, 1.0, 1.0, 1.0, 1.0, 1.0, 1.0, 1.0, 1.0, 1.0, 1.0, 1.0, 1.0, 1.0
0.43182582380632145, 0.7814181237390719, 0.8531964525891056, 0.8531964525891056, 0.9120922999327505, 1.0, 1.0, 1.0, 1.0, 1.0, 1.0, 1.0, 1.0, 1.0, 1.0, 1.0, 1.0, 1.0, 1.0, 1.0, 1.0, 1.0, 1.0, 1.0, 1.0, 1.0, 1.0, 1.0, 1.0, 1.0, 1.0, 1.0, 1.0, 1.0, 1.0, 1.0, 1.0, 1.0, 1.0, 1.0, 1.0, 1.0, 1.0, 1.0, 1.0, 1.0, 1.0, 1.0, 1.0, 1.0, 1.0
0.6002858103564224, 0.9212130127774042, 0.9434263618022865, 0.9434263618022865, 0.9434263618022865, 0.9434263618022865, 0.9434263618022865, 0.9788584398117014, 0.9788584398117014, 0.9788584398117014, 0.9788584398117014, 0.9791421486213854, 1.0, 1.0, 1.0, 1.0, 1.0, 1.0, 1.0, 1.0, 1.0, 1.0, 1.0, 1.0, 1.0, 1.0, 1.0, 1.0, 1.0, 1.0, 1.0, 1.0, 1.0, 1.0, 1.0, 1.0, 1.0, 1.0, 1.0, 1.0, 1.0, 1.0, 1.0, 1.0, 1.0, 1.0, 1.0, 1.0, 1.0, 1.0, 1.0