0.0, 0.6532868190988568, 0.9660284969737727, 0.9660284969737727, 0.9660284969737727, 0.9660284969737727, 0.9660284969737727, 0.9795834734364492, 0.9909633490248824, 0.9909633490248824, 1.0, 1.0, 1.0, 1.0, 1.0, 1.0, 1.0, 1.0, 1.0, 1.0, 1.0, 1.0, 1.0, 1.0, 1.0, 1.0, 1.0, 1.0, 1.0, 1.0, 1.0, 1.0, 1.0, 1.0, 1.0, 1.0, 1.0, 1.0, 1.0, 1.0, 1.0, 1.0, 1.0, 1.0, 1.0, 1.0, 1.0, 1.0, 1.0, 1.0, 1.0
0.0, 0.9094128278412912, 0.9309536819098857, 0.9309536819098857, 0.9309536819098857, 0.9309536819098857, 0.9309536819098857, 0.9309536819098857, 0.9309536819098857, 0.9660284969737727, 0.9660284969737727, 0.9660284969737727, 0.9795834734364492, 0.9909633490248824, 0.9909633490248824, 1.0, 1.0, 1.0, 1.0, 1.0, 1.0, 1.0, 1.0, 1.0, 1.0, 1.0, 1.0, 1.0, 1.0, 1.0, 1.0, 1.0, 1.0, 1.0, 1.0, 1.0, 1.0, 1.0, 1.0, 1.0, 1.0, 1.0, 1.0, 1.0, 1.0, 1.0, 1.0, 1.0, 1.0, 1.0, 1.0
0.0, 0.6302538668459986, 0.9878950907868191, 0.9878950907868191, 0.9878950907868191, 0.9978669300605245, 1.0, 1.0, 1.0, 1.0, 1.0, 1.0, 1.0, 1.0, 1.0, 1.0, 1.0, 1.0, 1.0, 1.0, 1.0, 1.0, 1.0, 1.0, 1.0, 1.0, 1.0, 1.0, 1.0, 1.0, 1.0, 1.0, 1.0, 1.0, 1.0, 1.0, 1.0, 1.0, 1.0, 1.0, 1.0, 1.0, 1.0, 1.0, 1.0, 1.0, 1.0, 1.0, 1.0, 1.0, 1.0
0.5335722091459314, 0.863462508406187, 0.9503614660390047, 1.0, 1.0, 1.0, 1.0, 1.0, 1.0, 1.0, 1.0, 1.0, 1.0, 1.0, 1.0, 1.0, 1.0, 1.0, 1.0, 1.0, 1.0, 1.0, 1.0, 1.0, 1.0, 1.0, 1.0, 1.0, 1.0, 1.0, 1.0, 1.0, 1.0, 1.0, 1.0, 1.0, 1.0, 1.0, 1.0, 1.0, 1.0, 1.0, 1.0, 1.0, 1.0, 1.0, 1.0, 1.0, 1.0, 1.0, 1.0
0.0, 0.7252542871553463, 0.9637798419636853, 0.9637798419636853, 0.9637798419636853, 0.9637798419636853, 0.9637798419636853, 0.9637798419636853, 0.9637798419636853, 0.9637798419636853, 0.9637798419636853, 0.9637798419636853, 0.9637798419636853, 0.9637798419636853, 0.9637798419636853, 0.9710617014122394, 0.9710617014122394, 0.9710617014122394, 0.9710617014122394, 0.9710617014122394, 0.9710617014122394, 0.9710617014122394, 0.9710617014122394, 0.9710617014122394, 0.9710617014122394, 0.9710617014122394, 0.9710617014122394, 0.9710617014122394, 0.9925710322797578, 0.9925710322797578, 0.9925710322797578, 0.9925710322797578, 0.9925710322797578, 0.9925710322797578, 0.9925710322797578, 0.9925710322797578, 1.0, 1.0, 1.0, 1.0, 1.0, 1.0, 1.0, 1.0, 1.0, 1.0, 1.0, 1.0, 1.0, 1.0, 1.0
0.0, 0.8577252858103565, 0.9233565904505716, 0.9503614660390047, 1.0, 1.0, 1.0, 1.0, 1.0, 1.0, 1.0, 1.0, 1.0, 1.0, 1.0, 1.0, 1.0, 1.0, 1.0, 1.0, 1.0, 1.0, 1.0, 1.0, 1.0, 1.0, 1.0, 1.0, 1.0, 1.0, 1.0, 1.0, 1.0, 1.0, 1.0, 1.0, 1.0, 1.0, 1.0, 1.0, 1.0, 1.0, 1.0, 1.0, 1.0, 1.0, 1.0, 1.0, 1.0, 1.0, 1.0
0.0, 0.839788584398117, 0.9637798419636853, 0.9637798419636853, 0.9637798419636853, 0.9637798419636853, 0.9637798419636853, 0.9637798419636853, 0.9637798419636853, 0.9637798419636853, 0.9637798419636853, 0.9637798419636853, 0.9637798419636853, 0.9637798419636853, 0.9637798419636853, 0.9710617014122394, 0.9710617014122394, 0.9710617014122394, 0.9710617014122394, 0.9710617014122394, 0.9710617014122394, 0.9710617014122394, 0.9710617014122394, 0.9710617014122394, 0.9710617014122394, 0.9710617014122394, 0.9710617014122394, 0.9925710322797578, 0.9925710322797578, 0.9925710322797578, 0.9925710322797578, 0.9925710322797578, 0.9925710322797578, 0.9925710322797578, 0.9925710322797578, 0.9925710322797578, 1.0, 1.0, 1.0, 1.0, 1.0, 1.0, 1.0, 1.0, 1.0, 1.0, 1.0, 1.0, 1.0, 1.0, 1.0
0.0, 0.8680228648285138, 0.9637798419636853, 0.9637798419636853, 0.9637798419636853, 0.9637798419636853, 0.9637798419636853, 0.9637798419636853, 0.9637798419636853, 0.9637798419636853, 0.9637798419636853, 0.9637798419636853, 0.9637798419636853, 0.9637798419636853, 0.9637798419636853, 0.9710617014122394, 0.9710617014122394, 0.9710617014122394, 0.9710617014122394, 0.9710617014122394, 0.9710617014122394, 0.9710617014122394, 0.9710617014122394, 0.9710617014122394, 0.9710617014122394, 0.9710617014122394, 0.9710617014122394, 0.9710617014122394, 0.9710617014122394, 0.9710617014122394, 0.9710617014122394, 0.9710617014122394, 0.9710617014122394, 0.9710617014122394, 0.9710617014122394, 0.9710617014122394, 0.9710617014122394, 0.9710617014122394, 0.9710617014122394, 0.9710617014122394, 0.9710617014122394, 0.9710617014122394, 0.9710617014122394, 0.9710617014122394, 0.9710617014122394, 0.9909633490248824, 0.9909633490248824, 0.9909633490248824, 1.0, 1.0, 1.0
0.0, 0.8188887020847344, 0.995933507061197, 0.995933507061197, 0.995933507061197, 1.0, 1.0, 1.0, 1.0, 1.0, 1.0, 1.0, 1.0, 1.0, 1.0, 1.0, 1.0, 1.0, 1.0, 1.0, 1.0, 1.0, 1.0, 1.0, 1.0, 1.0, 1.0, 1.0, 1.0, 1.0, 1.0, 1.0, 1.0, 1.0, 1.0, 1.0, 1.0, 1.0, 1.0, 1.0, 1.0, 1.0, 1.0, 1.0, 1.0, 1.0, 1.0, 1.0, 1.0, 1.0, 1.0
0.0, 0.7431279421654338, 0.9637798419636853, 0.9637798419636853, 0.9637798419636853, 0.9637798419636853, 0.9637798419636853, 0.9637798419636853, 0.9637798419636853, 0.9637798419636853, 0.9637798419636853, 0.9637798419636853, 0.9637798419636853, 0.9637798419636853, 0.9637798419636853, 0.9710617014122394, 0.9710617014122394, 0.9710617014122394, 0.9710617014122394, 0.9710617014122394, 0.9710617014122394, 0.9710617014122394, 0.9710617014122394, 0.9710617014122394, 0.9710617014122394, 0.9710617014122394, 0.9710617014122394, 0.9710617014122394, 0.9925710322797578, 0.9925710322797578, 0.9925710322797578, 0.9925710322797578, 0.9925710322797578, 0.9925710322797578, 0.9925710322797578, 0.9925710322797578, 1.0, 1.0, 1.0, 1.0, 1.0, 1.0, 1.0, 1.0, 1.0, 1.0, 1.0, 1.0, 1.0, 1.0, 1.0
0.5308822293207801, 0.8953850033624747, 0.9323722259583053, 0.9323722259583053, 0.9323722259583053, 0.9323722259583053, 0.9323722259583053, 0.9323722259583053, 0.9323722259583053, 0.9323722259583053, 0.9323722259583053, 0.9660284969737727, 0.9660284969737727, 0.9660284969737727, 0.9660284969737727, 0.9795834734364492, 0.9909633490248824, 0.9909633490248824, 1.0, 1.0, 1.0, 1.0, 1.0, 1.0, 1.0, 1.0, 1.0, 1.0, 1.0, 1.0, 1.0, 1.0, 1.0, 1.0, 1.0, 1.0, 1.0, 1.0, 1.0, 1.0, 1.0, 1.0, 1.0, 1.0, 1.0, 1.0, 1.0, 1.0, 1.0, 1.0, 1.0
0.0, 0.8963832380632145, 0.917955615332885, 0.9521582885003362, 0.9630232851378615, 0.9630232851378615, 0.9637798419636853, 0.9637798419636853, 0.9637798419636853, 0.9637798419636853, 0.9637798419636853, 0.9637798419636853, 0.9637798419636853, 0.9637798419636853, 0.9637798419636853, 0.9637798419636853, 0.9710617014122394, 0.9710617014122394, 0.9710617014122394, 0.9710617014122394, 0.9710617014122394, 0.9710617014122394, 0.9710617014122394, 0.9710617014122394, 0.9710617014122394, 0.9710617014122394, 0.9925710322797578, 0.9925710322797578, 0.9925710322797578, 0.9925710322797578, 0.9925710322797578, 0.9925710322797578, 0.9925710322797578, 0.9925710322797578, 0.9925710322797578, 1.0, 1.0, 1.0, 1.0, 1.0, 1.0, 1.0, 1.0, 1.0, 1.0, 1.0, 1.0, 1.0, 1.0, 1.0, 1.0
0.0, 0.9108313718897109, 0.9323722259583053, 0.9660284969737727, 0.9660284969737727, 0.9660284969737727, 0.9660284969737727, 0.9660284969737727, 0.9660284969737727, 0.9909633490248824, 0.9909633490248824, 1.0, 1.0, 1.0, 1.0, 1.0, 1.0, 1.0, 1.0, 1.0, 1.0, 1.0, 1.0, 1.0, 1.0, 1.0, 1.0, 1.0, 1.0, 1.0, 1.0, 1.0, 1.0, 1.0, 1.0, 1.0, 1.0, 1.0, 1.0, 1.0, 1.0, 1.0, 1.0, 1.0, 1.0, 1.0, 1.0, 1.0, 1.0, 1.0, 1.0
0.0, 0.5814034129119031, 0.9660284969737727, 0.9660284969737727, 0.9660284969737727, 0.9660284969737727, 0.9660284969737727, 0.9795834734364492, 0.9909633490248824, 0.9909633490248824, 1.0, 1.0, 1.0, 1.0, 1.0, 1.0, 1.0, 1.0, 1.0, 1.0, 1.0, 1.0, 1.0, 1.0, 1.0, 1.0, 1.0, 1.0, 1.0, 1.0, 1.0, 1.0, 1.0, 1.0, 1.0, 1.0, 1.0, 1.0, 1.0, 1.0, 1.0, 1.0, 1.0, 1.0, 1.0, 1.0, 1.0, 1.0, 1.0, 1.0, 1.0
0.0, 0.6670414425016813, 0.9539761264290518, 0.9539761264290518, 0.9878950907868191, 1.0, 1.0, 1.0, 1.0, 1.0, 1.0, 1.0, 1.0, 1.0, 1.0, 1.0, 1.0, 1.0, 1.0, 1.0, 1.0, 1.0, 1.0, 1.0, 1.0, 1.0, 1.0, 1.0, 1.0, 1.0, 1.0, 1.0, 1.0, 1.0, 1.0, 1.0, 1.0, 1.0, 1.0, 1.0, 1.0, 1.0, 1.0, 1.0, 1.0, 1.0, 1.0, 1.0, 1.0, 1.0, 1.0
0.0, 0.8185944855413584, 0.9909633490248824, 0.9909633490248824, 1.0, 1.0, 1.0, 1.0, 1.0, 1.0, 1.0, 1.0, 1.0, 1.0, 1.0, 1.0, 1.0, 1.0, 1.0, 1.0, 1.0, 1.0, 1.0, 1.0, 1.0, 1.0, 1.0, 1.0, 1.0, 1.0, 1.0, 1.0, 1.0, 1.0, 1.0, 1.0, 1.0, 1.0, 1.0, 1.0, 1.0, 1.0, 1.0, 1.0, 1.0, 1.0, 1.0, 1.0, 1.0, 1.0, 1.0
0.0, 0.6239282111634162, 0.9909633490248824, 0.9909633490248824, 1.0, 1.0, 1.0, 1.0, 1.0, 1.0, 1.0, 1.0, 1.0, 1.0, 1.0, 1.0, 1.0, 1.0, 1.0, 1.0, 1.0, 1.0, 1.0, 1.0, 1.0, 1.0, 1.0, 1.0, 1.0, 1.0, 1.0, 1.0, 1.0, 1.0, 1.0, 1.0, 1.0, 1.0, 1.0, 1.0, 1.0, 1.0, 1.0, 1.0, 1.0, 1.0, 1.0, 1.0, 1.0, 1.0, 1.0
0.0, 0.7484868863483524, 0.9925710322797578, 0.9925710322797578, 0.9925710322797578, 0.9925710322797578, 0.9925710322797578, 0.9925710322797578, 0.9925710322797578, 0.9925710322797578, 1.0, 1.0, 1.0, 1.0, 1.0, 1.0, 1.0, 1.0, 1.0, 1.0, 1.0, 1.0, 1.0, 1.0, 1.0, 1.0, 1.0, 1.0, 1.0, 1.0, 1.0, 1.0, 1.0, 1.0, 1.0, 1.0, 1.0, 1.0, 1.0, 1.0, 1.0, 1.0, 1.0, 1.0, 1.0, 1.0, 1.0, 1.0, 1.0, 1.0, 1.0
0.5114219065232011, 0.9032658036314728, 0.9521582885003362, 0.9521582885003362, 0.9521582885003362, 0.9630232851378615, 0.9637798419636853, 0.9637798419636853, 0.9637798419636853, 0.9637798419636853, 0.9637798419636853, 0.9637798419636853, 0.9637798419636853, 0.9637798419636853, 0.9637798419636853, 0.9637798419636853, 0.9637798419636853, 0.9710617014122394, 0.9710617014122394, 0.9710617014122394, 0.9710617014122394, 0.9710617014122394, 0.9710617014122394, 0.9710617014122394, 0.9710617014122394, 0.9710617014122394, 0.9710617014122394, 0.9925710322797578, 0.9925710322797578, 0.9925710322797578, 0.9925710322797578, 0.9925710322797578, 0.9925710322797578, 0.9925710322797578, 0.9925710322797578, 1.0, 1.0, 1.0, 1.0, 1.0, 1.0, 1.0, 1.0, 1.0, 1.0, 1.0, 1.0, 1.0, 1.0, 1.0, 1.0
0.0, 0.8505485036987223, 0.9309536819098857, 0.9309536819098857, 0.9309536819098857, 0.9309536819098857, 0.9309536819098857, 0.9309536819098857, 0.9309536819098857, 0.9660284969737727, 0.9660284969737727, 0.9660284969737727, 0.9795834734364492, 0.9909633490248824, 0.9909633490248824, 1.0, 1.0, 1.0, 1.0, 1.0, 1.0, 1.0, 1.0, 1.0, 1.0, 1.0, 1.0, 1.0, 1.0, 1.0, 1.0, 1.0, 1.0, 1.0, 1.0, 1.0, 1.0, 1.0, 1.0, 1.0, 1.0, 1.0, 1.0, 1.0, 1.0, 1.0, 1.0, 1.0, 1.0, 1.0, 1.0
0.0, 0.9108313718897109, 0.9323722259583053, 0.9660284969737727, 0.9660284969737727, 0.9660284969737727, 0.9660284969737727, 0.9660284969737727, 0.9660284969737727, 0.9909633490248824, 0.9909633490248824, 1.0, 1.0, 1.0, 1.0, 1.0, 1.0, 1.0, 1.0, 1.0, 1.0, 1.0, 1.0, 1.0, 1.0, 1.0, 1.0, 1.0, 1.0, 1.0, 1.0, 1.0, 1.0, 1.0, 1.0, 1.0, 1.0, 1.0, 1.0, 1.0, 1.0, 1.0, 1.0, 1.0, 1.0, 1.0, 1.0, 1.0, 1.0, 1.0, 1.0
0.0, 0.6637420141223941, 0.9925710322797578, 0.9925710322797578, 0.9925710322797578, 0.9925710322797578, 0.9925710322797578, 0.9925710322797578, 0.9925710322797578, 0.9925710322797578, 1.0, 1.0, 1.0, 1.0, 1.0, 1.0, 1.0, 1.0, 1.0, 1.0, 1.0, 1.0, 1.0, 1.0, 1.0, 1.0, 1.0, 1.0, 1.0, 1.0, 1.0, 1.0, 1.0, 1.0, 1.0, 1.0, 1.0, 1.0, 1.0, 1.0, 1.0, 1.0, 1.0, 1.0, 1.0, 1.0, 1.0, 1.0, 1.0, 1.0, 1.0
0.585732599193006, 0.8690316072629455, 0.9503614660390047, 1.0, 1.0, 1.0, 1.0, 1.0, 1.0, 1.0, 1.0, 1.0, 1.0, 1.0, 1.0, 1.0, 1.0, 1.0, 1.0, 1.0, 1.0, 1.0, 1.0, 1.0, 1.0, 1.0, 1.0, 1.0, 1.0, 1.0, 1.0, 1.0, 1.0, 1.0, 1.0, 1.0, 1.0, 1.0, 1.0, 1.0, 1.0, 1.0, 1.0, 1.0, 1.0, 1.0, 1.0, 1.0, 1.0, 1.0, 1.0
0.0, 0.8891644250168124, 0.9286419804976462, 0.9925710322797578, 1.0, 1.0, 1.0, 1.0, 1.0, 1.0, 1.0, 1.0, 1.0, 1.0, 1.0, 1.0, 1.0, 1.0, 1.0, 1.0, 1.0, 1.0, 1.0, 1.0, 1.0, 1.0, 1.0, 1.0, 1.0, 1.0, 1.0, 1.0, 1.0, 1.0, 1.0, 1.0, 1.0, 1.0, 1.0, 1.0, 1.0, 1.0, 1.0, 1.0, 1.0, 1.0, 1.0, 1.0, 1.0, 1.0, 1.0
0.0, 0.7894670477471419, 0.9925710322797578, 0.9925710322797578, 0.9925710322797578, 0.9925710322797578, 0.9925710322797578, 0.9925710322797578, 0.9925710322797578, 0.9925710322797578, 1.0, 1.0, 1.0, 1.0, 1.0, 1.0, 1.0, 1.0, 1.0, 1.0, 1.0, 1.0, 1.0, 1.0, 1.0, 1.0, 1.0, 1.0, 1.0, 1.0, 1.0, 1.0, 1.0, 1.0, 1.0, 1.0, 1.0, 1.0, 1.0, 1.0, 1.0, 1.0, 1.0, 1.0, 1.0, 1.0, 1.0, 1.0, 1.0, 1.0, 1.0
0.0, 0.699394754539341, 0.9660284969737727, 0.9660284969737727, 0.9660284969737727, 0.9660284969737727, 0.9660284969737727, 0.9795834734364492, 0.9909633490248824, 0.9909633490248824, 1.0, 1.0, 1.0, 1.0, 1.0, 1.0, 1.0, 1.0, 1.0, 1.0, 1.0, 1.0, 1.0, 1.0, 1.0, 1.0, 1.0, 1.0, 1.0, 1.0, 1.0, 1.0, 1.0, 1.0, 1.0, 1.0, 1.0, 1.0, 1.0, 1.0, 1.0, 1.0, 1.0, 1.0, 1.0, 1.0, 1.0, 1.0, 1.0, 1.0, 1.0
0.0, 0.8339672999327505, 0.9925710322797578, 0.9925710322797578, 0.9925710322797578, 0.9925710322797578, 0.9925710322797578, 0.9925710322797578, 0.9925710322797578, 0.9925710322797578, 1.0, 1.0, 1.0, 1.0, 1.0, 1.0, 1.0, 1.0, 1.0, 1.0, 1.0, 1.0, 1.0, 1.0, 1.0, 1.0, 1.0, 1.0, 1.0, 1.0, 1.0, 1.0, 1.0, 1.0, 1.0, 1.0, 1.0, 1.0, 1.0, 1.0, 1.0, 1.0, 1.0, 1.0, 1.0, 1.0, 1.0, 1.0, 1.0, 1.0, 1.0
0.0, 0.6352240248823133, 0.9637798419636853, 0.9637798419636853, 0.9637798419636853, 0.9637798419636853, 0.9637798419636853, 0.9637798419636853, 0.9637798419636853, 0.9637798419636853, 0.9637798419636853, 0.9637798419636853, 0.9637798419636853, 0.9637798419636853, 0.9637798419636853, 0.9637798419636853, 0.9637798419636853, 0.9637798419636853, 0.9637798419636853, 0.9637798419636853, 0.9637798419636853, 0.9637798419636853, 0.9637798419636853, 0.9710617014122394, 0.9710617014122394, 0.9710617014122394, 0.9710617014122394, 0.9710617014122394, 0.9710617014122394, 0.9710617014122394, 0.9710617014122394, 0.9710617014122394, 0.9710617014122394, 0.9710617014122394, 0.9710617014122394, 0.9710617014122394, 0.9710617014122394, 0.9710617014122394, 0.9710617014122394, 0.9710617014122394, 0.9710617014122394, 0.9710617014122394, 0.9710617014122394, 0.9710617014122394, 0.9710617014122394, 0.9710617014122394, 0.9710617014122394, 0.9710617014122394, 0.9710617014122394, 0.9710617014122394, 0.9710617014122394
0.0, 0.9094128278412912, 0.9309536819098857, 0.9309536819098857, 0.9309536819098857, 0.9309536819098857, 0.9309536819098857, 0.9309536819098857, 0.9309536819098857, 0.9660284969737727, 0.9660284969737727, 0.9660284969737727, 0.9795834734364492, 0.9909633490248824, 0.9909633490248824, 1.0, 1.0, 1.0, 1.0, 1.0, 1.0, 1.0, 1.0, 1.0, 1.0, 1.0, 1.0, 1.0, 1.0, 1.0, 1.0, 1.0, 1.0, 1.0, 1.0, 1.0, 1.0, 1.0, 1.0, 1.0, 1.0, 1.0, 1.0, 1.0, 1.0, 1.0, 1.0, 1.0, 1.0, 1.0, 1.0
0.0, 0.9503614660390047, 0.9791421486213854, 1.0, 1.0, 1.0, 1.0, 1.0, 1.0, 1.0, 1.0, 1.0, 1.0, 1.0, 1.0, 1.0, 1.0, 1.0, 1.0, 1.0, 1.0, 1.0, 1.0, 1.0, 1.0, 1.0, 1.0, 1.0, 1.0, 1.0, 1.0, 1.0, 1.0, 1.0, 1.0, 1.0, 1.0, 1.0, 1.0, 1.0, 1.0, 1.0, 1.0, 1.0, 1.0, 1.0, 1.0, 1.0, 1.0, 1.0, 1.0