0.8604572965702757, 0.8938088433086752, 0.8938088433086752, 0.9275071452589105, 0.9275071452589105, 0.9501092804303968, 0.9501092804303968, 0.9637483187626092, 0.9660284969737727, 0.9660284969737727, 0.9660284969737727, 0.9660284969737727, 0.9791421486213854, 1.0, 1.0, 1.0, 1.0, 1.0, 1.0, 1.0, 1.0, 1.0, 1.0, 1.0, 1.0, 1.0, 1.0, 1.0, 1.0, 1.0, 1.0, 1.0, 1.0, 1.0, 1.0, 1.0, 1.0, 1.0, 1.0, 1.0, 1.0, 1.0, 1.0, 1.0, 1.0, 1.0, 1.0, 1.0, 1.0, 1.0, 1.0
0.0, 0.7411314727639543, 0.7673587760591796, 0.7679261936785474, 0.8599844485541358, 1.0, 1.0, 1.0, 1.0, 1.0, 1.0, 1.0, 1.0, 1.0, 1.0, 1.0, 1.0, 1.0, 1.0, 1.0, 1.0, 1.0, 1.0, 1.0, 1.0, 1.0, 1.0, 1.0, 1.0, 1.0, 1.0, 1.0, 1.0, 1.0, 1.0, 1.0, 1.0, 1.0, 1.0, 1.0, 1.0, 1.0, 1.0, 1.0, 1.0, 1.0, 1.0, 1.0, 1.0, 1.0, 1.0
0.0, 0.8196347511768661, 0.8508532279757902, 0.8508532279757902, 0.9660284969737727, 0.9978669300605245, 0.9978669300605245, 1.0, 1.0, 1.0, 1.0, 1.0, 1.0, 1.0, 1.0, 1.0, 1.0, 1.0, 1.0, 1.0, 1.0, 1.0, 1.0, 1.0, 1.0, 1.0, 1.0, 1.0, 1.0, 1.0, 1.0, 1.0, 1.0, 1.0, 1.0, 1.0, 1.0, 1.0, 1.0, 1.0, 1.0, 1.0, 1.0, 1.0, 1.0, 1.0, 1.0, 1.0, 1.0, 1.0, 1.0
0.5723562542030934, 0.8947230161398789, 0.9134583053127101, 0.9134583053127101, 0.9134583053127101, 1.0, 1.0, 1.0, 1.0, 1.0, 1.0, 1.0, 1.0, 1.0, 1.0, 1.0, 1.0, 1.0, 1.0, 1.0, 1.0, 1.0, 1.0, 1.0, 1.0, 1.0, 1.0, 1.0, 1.0, 1.0, 1.0, 1.0, 1.0, 1.0, 1.0, 1.0, 1.0, 1.0, 1.0, 1.0, 1.0, 1.0, 1.0, 1.0, 1.0, 1.0, 1.0, 1.0, 1.0, 1.0, 1.0
0.5255548083389374, 0.8613399462004036, 0.8613399462004036, 0.8641770342972428, 0.8641770342972428, 0.9293459986550101, 0.9637483187626092, 0.9909633490248824, 0.9925710322797578, 0.9925710322797578, 0.9925710322797578, 0.9925710322797578, 0.9925710322797578, 0.9925710322797578, 0.9925710322797578, 0.9925710322797578, 1.0, 1.0, 1.0, 1.0, 1.0, 1.0, 1.0, 1.0, 1.0, 1.0, 1.0, 1.0, 1.0, 1.0, 1.0, 1.0, 1.0, 1.0, 1.0, 1.0, 1.0, 1.0, 1.0, 1.0, 1.0, 1.0, 1.0, 1.0, 1.0, 1.0, 1.0, 1.0, 1.0, 1.0, 1.0
0.0, 0.8353543207800942, 0.8615816240753195, 0.8615816240753195, 0.9660284969737727, 0.9660284969737727, 0.9674785642232683, 0.9925710322797578, 0.9925710322797578, 0.9925710322797578, 0.9925710322797578, 0.9925710322797578, 0.9925710322797578, 0.9925710322797578, 0.9925710322797578, 0.9925710322797578, 0.9925710322797578, 0.9925710322797578, 1.0, 1.0, 1.0, 1.0, 1.0, 1.0, 1.0, 1.0, 1.0, 1.0, 1.0, 1.0, 1.0, 1.0, 1.0, 1.0, 1.0, 1.0, 1.0, 1.0, 1.0, 1.0, 1.0, 1.0, 1.0, 1.0, 1.0, 1.0, 1.0, 1.0, 1.0, 1.0, 1.0
0.27687878278412914, 0.804913416274378, 0.8569266980497646, 0.8660053799596503, 0.8798966039004708, 0.9075844821788837, 0.9637483187626092, 0.9637798419636853, 0.9637798419636853, 0.9637798419636853, 0.9637798419636853, 0.9637798419636853, 0.9637798419636853, 0.9637798419636853, 0.9637798419636853, 0.9637798419636853, 0.9925710322797578, 0.9925710322797578, 0.9925710322797578, 0.9925710322797578, 1.0, 1.0, 1.0, 1.0, 1.0, 1.0, 1.0, 1.0, 1.0, 1.0, 1.0, 1.0, 1.0, 1.0, 1.0, 1.0, 1.0, 1.0, 1.0, 1.0, 1.0, 1.0, 1.0, 1.0, 1.0, 1.0, 1.0, 1.0, 1.0, 1.0, 1.0
0.5774735205110961, 0.8181006220578345, 0.8262125924680565, 0.8335364828513786, 0.8574520847343645, 0.9978669300605245, 0.9978669300605245, 1.0, 1.0, 1.0, 1.0, 1.0, 1.0, 1.0, 1.0, 1.0, 1.0, 1.0, 1.0, 1.0, 1.0, 1.0, 1.0, 1.0, 1.0, 1.0, 1.0, 1.0, 1.0, 1.0, 1.0, 1.0, 1.0, 1.0, 1.0, 1.0, 1.0, 1.0, 1.0, 1.0, 1.0, 1.0, 1.0, 1.0, 1.0, 1.0, 1.0, 1.0, 1.0, 1.0, 1.0
0.7844233355749832, 0.9242077168796234, 0.9242077168796234, 0.9242077168796234, 0.9242077168796234, 0.9242077168796234, 0.9242077168796234, 0.9637798419636853, 0.9660284969737727, 0.9660284969737727, 0.9660284969737727, 0.9660284969737727, 0.9660284969737727, 0.9660284969737727, 0.9660284969737727, 0.9660284969737727, 0.9660284969737727, 0.9660284969737727, 0.9660284969737727, 0.9660284969737727, 0.9660284969737727, 0.9660284969737727, 0.9660284969737727, 0.9795834734364492, 0.9795834734364492, 0.9909633490248824, 0.9909633490248824, 0.9909633490248824, 0.9909633490248824, 0.9909633490248824, 0.9909633490248824, 0.9909633490248824, 0.9909633490248824, 0.9909633490248824, 1.0, 1.0, 1.0, 1.0, 1.0, 1.0, 1.0, 1.0, 1.0, 1.0, 1.0, 1.0, 1.0, 1.0, 1.0, 1.0, 1.0
0.0, 0.7768787827841291, 0.7861360961667787, 0.7861360961667787, 0.890582969065232, 0.9660284969737727, 0.9660284969737727, 0.9660284969737727, 0.9925710322797578, 0.9925710322797578, 0.9925710322797578, 0.9925710322797578, 0.9925710322797578, 0.9925710322797578, 0.9925710322797578, 0.9925710322797578, 1.0, 1.0, 1.0, 1.0, 1.0, 1.0, 1.0, 1.0, 1.0, 1.0, 1.0, 1.0, 1.0, 1.0, 1.0, 1.0, 1.0, 1.0, 1.0, 1.0, 1.0, 1.0, 1.0, 1.0, 1.0, 1.0, 1.0, 1.0, 1.0, 1.0, 1.0, 1.0, 1.0, 1.0, 1.0
0.0, 0.77346376933423, 0.7861360961667787, 0.7872919468728985, 0.929692753866846, 0.9660284969737727, 0.9660284969737727, 0.9660284969737727, 0.9660284969737727, 0.9660284969737727, 0.9660284969737727, 0.9660284969737727, 0.9660284969737727, 0.9660284969737727, 0.9660284969737727, 0.9791421486213854, 1.0, 1.0, 1.0, 1.0, 1.0, 1.0, 1.0, 1.0, 1.0, 1.0, 1.0, 1.0, 1.0, 1.0, 1.0, 1.0, 1.0, 1.0, 1.0, 1.0, 1.0, 1.0, 1.0, 1.0, 1.0, 1.0, 1.0, 1.0, 1.0, 1.0, 1.0, 1.0, 1.0, 1.0, 1.0
0.0, 0.7802097343644923, 0.8064370376597175, 0.8064370376597175, 0.9484490585070612, 0.980770847343645, 0.980770847343645, 1.0, 1.0, 1.0, 1.0, 1.0, 1.0, 1.0, 1.0, 1.0, 1.0, 1.0, 1.0, 1.0, 1.0, 1.0, 1.0, 1.0, 1.0, 1.0, 1.0, 1.0, 1.0, 1.0, 1.0, 1.0, 1.0, 1.0, 1.0, 1.0, 1.0, 1.0, 1.0, 1.0, 1.0, 1.0, 1.0, 1.0, 1.0, 1.0, 1.0, 1.0, 1.0, 1.0, 1.0
0.0, 0.7575445527908541, 0.7828997141896435, 0.7828997141896435, 0.832307078009415, 0.9510970073974445, 0.9510970073974445, 0.9788584398117014, 0.9925710322797578, 0.9925710322797578, 0.9925710322797578, 0.9925710322797578, 0.9925710322797578, 1.0, 1.0, 1.0, 1.0, 1.0, 1.0, 1.0, 1.0, 1.0, 1.0, 1.0, 1.0, 1.0, 1.0, 1.0, 1.0, 1.0, 1.0, 1.0, 1.0, 1.0, 1.0, 1.0, 1.0, 1.0, 1.0, 1.0, 1.0, 1.0, 1.0, 1.0, 1.0, 1.0, 1.0, 1.0, 1.0, 1.0, 1.0
0.7866614828513786, 0.9196368527236046, 0.9434263618022865, 0.9434263618022865, 0.9434263618022865, 0.9521582885003362, 0.9660284969737727, 0.9660284969737727, 0.9660284969737727, 0.9660284969737727, 0.9660284969737727, 0.9791421486213854, 1.0, 1.0, 1.0, 1.0, 1.0, 1.0, 1.0, 1.0, 1.0, 1.0, 1.0, 1.0, 1.0, 1.0, 1.0, 1.0, 1.0, 1.0, 1.0, 1.0, 1.0, 1.0, 1.0, 1.0, 1.0, 1.0, 1.0, 1.0, 1.0, 1.0, 1.0, 1.0, 1.0, 1.0, 1.0, 1.0, 1.0, 1.0, 1.0
0.0, 0.9205720410221924, 0.9205720410221924, 0.9205720410221924, 0.9205720410221924, 1.0, 1.0, 1.0, 1.0, 1.0, 1.0, 1.0, 1.0, 1.0, 1.0, 1.0, 1.0, 1.0, 1.0, 1.0, 1.0, 1.0, 1.0, 1.0, 1.0, 1.0, 1.0, 1.0, 1.0, 1.0, 1.0, 1.0, 1.0, 1.0, 1.0, 1.0, 1.0, 1.0, 1.0, 1.0, 1.0, 1.0, 1.0, 1.0, 1.0, 1.0, 1.0, 1.0, 1.0, 1.0, 1.0
0.5186932582380632, 0.894807078009415, 0.894807078009415, 0.894807078009415, 0.9641476126429052, 0.9641476126429052, 0.9641476126429052, 0.9909633490248824, 0.9909633490248824, 0.9909633490248824, 0.9909633490248824, 0.9909633490248824, 0.9909633490248824, 0.9909633490248824, 0.9909633490248824, 1.0, 1.0, 1.0, 1.0, 1.0, 1.0, 1.0, 1.0, 1.0, 1.0, 1.0, 1.0, 1.0, 1.0, 1.0, 1.0, 1.0, 1.0, 1.0, 1.0, 1.0, 1.0, 1.0, 1.0, 1.0, 1.0, 1.0, 1.0, 1.0, 1.0, 1.0, 1.0, 1.0, 1.0, 1.0, 1.0
0.64862138533961, 0.9170834734364492, 0.9170834734364492, 0.9552475622057834, 0.9552475622057834, 0.9552475622057834, 0.9552475622057834, 0.9552475622057834, 0.9660284969737727, 0.9660284969737727, 0.9660284969737727, 0.9791421486213854, 1.0, 1.0, 1.0, 1.0, 1.0, 1.0, 1.0, 1.0, 1.0, 1.0, 1.0, 1.0, 1.0, 1.0, 1.0, 1.0, 1.0, 1.0, 1.0, 1.0, 1.0, 1.0, 1.0, 1.0, 1.0, 1.0, 1.0, 1.0, 1.0, 1.0, 1.0, 1.0, 1.0, 1.0, 1.0, 1.0, 1.0, 1.0, 1.0
0.5324688971082717, 0.8629686449226631, 0.8803274209818427, 0.8803274209818427, 0.8803274209818427, 0.9439937794216543, 0.9439937794216543, 1.0, 1.0, 1.0, 1.0, 1.0, 1.0, 1.0, 1.0, 1.0, 1.0, 1.0, 1.0, 1.0, 1.0, 1.0, 1.0, 1.0, 1.0, 1.0, 1.0, 1.0, 1.0, 1.0, 1.0, 1.0, 1.0, 1.0, 1.0, 1.0, 1.0, 1.0, 1.0, 1.0, 1.0, 1.0, 1.0, 1.0, 1.0, 1.0, 1.0, 1.0, 1.0, 1.0, 1.0
0.433685692669805, 0.8128992938802959, 0.8524083725622058, 0.8524083725622058, 0.9444876429051782, 0.9660284969737727, 0.9660284969737727, 0.9925710322797578, 0.9925710322797578, 0.9925710322797578, 0.9925710322797578, 0.9925710322797578, 0.9925710322797578, 0.9925710322797578, 0.9925710322797578, 0.9925710322797578, 0.9925710322797578, 0.9925710322797578, 0.9925710322797578, 0.9925710322797578, 0.9925710322797578, 0.9925710322797578, 0.9925710322797578, 0.9925710322797578, 0.9925710322797578, 0.9925710322797578, 0.9925710322797578, 0.9925710322797578, 0.9925710322797578, 0.9925710322797578, 0.9925710322797578, 0.9925710322797578, 0.9925710322797578, 0.9925710322797578, 0.9925710322797578, 0.9925710322797578, 0.9925710322797578, 1.0, 1.0, 1.0, 1.0, 1.0, 1.0, 1.0, 1.0, 1.0, 1.0, 1.0, 1.0, 1.0, 1.0
0.0, 0.8861066745124412, 0.8861066745124412, 0.8861066745124412, 0.902351630800269, 0.9501092804303968, 0.9909633490248824, 1.0, 1.0, 1.0, 1.0, 1.0, 1.0, 1.0, 1.0, 1.0, 1.0, 1.0, 1.0, 1.0, 1.0, 1.0, 1.0, 1.0, 1.0, 1.0, 1.0, 1.0, 1.0, 1.0, 1.0, 1.0, 1.0, 1.0, 1.0, 1.0, 1.0, 1.0, 1.0, 1.0, 1.0, 1.0, 1.0, 1.0, 1.0, 1.0, 1.0, 1.0, 1.0, 1.0, 1.0
0.0, 0.7984721755211835, 0.8186049932750504, 0.8186049932750504, 0.9484490585070612, 0.9484490585070612, 0.9552475622057834, 0.9637798419636853, 0.9637798419636853, 0.9637798419636853, 0.9637798419636853, 0.9637798419636853, 0.9637798419636853, 0.9637798419636853, 0.9637798419636853, 0.9791421486213854, 1.0, 1.0, 1.0, 1.0, 1.0, 1.0, 1.0, 1.0, 1.0, 1.0, 1.0, 1.0, 1.0, 1.0, 1.0, 1.0, 1.0, 1.0, 1.0, 1.0, 1.0, 1.0, 1.0, 1.0, 1.0, 1.0, 1.0, 1.0, 1.0, 1.0, 1.0, 1.0, 1.0, 1.0, 1.0
0.0, 0.7702589105581709, 0.7707632817753867, 0.7707632817753867, 0.9197629455279085, 0.9521582885003362, 0.9521582885003362, 0.9909633490248824, 0.9925710322797578, 0.9925710322797578, 0.9925710322797578, 0.9925710322797578, 0.9925710322797578, 1.0, 1.0, 1.0, 1.0, 1.0, 1.0, 1.0, 1.0, 1.0, 1.0, 1.0, 1.0, 1.0, 1.0, 1.0, 1.0, 1.0, 1.0, 1.0, 1.0, 1.0, 1.0, 1.0, 1.0, 1.0, 1.0, 1.0, 1.0, 1.0, 1.0, 1.0, 1.0, 1.0, 1.0, 1.0, 1.0, 1.0, 1.0
0.6025554808338938, 0.8342615164761265, 0.8342615164761265, 0.874978984532616, 0.9026143241425689, 0.9253845830531271, 0.9431426529926026, 0.9431426529926026, 0.9521582885003362, 0.9521582885003362, 0.9521582885003362, 0.9521582885003362, 0.9521582885003362, 0.9630232851378615, 0.9630232851378615, 0.9670372394082044, 0.9878950907868191, 0.9878950907868191, 0.9878950907868191, 1.0, 1.0, 1.0, 1.0, 1.0, 1.0, 1.0, 1.0, 1.0, 1.0, 1.0, 1.0, 1.0, 1.0, 1.0, 1.0, 1.0, 1.0, 1.0, 1.0, 1.0, 1.0, 1.0, 1.0, 1.0, 1.0, 1.0, 1.0, 1.0, 1.0, 1.0, 1.0
0.0, 0.7515026059179556, 0.7777299092131809, 0.7777299092131809, 0.9211394586415602, 0.9240185776731674, 0.9286419804976462, 0.9637798419636853, 0.9637798419636853, 0.9925710322797578, 0.9925710322797578, 0.9925710322797578, 0.9925710322797578, 1.0, 1.0, 1.0, 1.0, 1.0, 1.0, 1.0, 1.0, 1.0, 1.0, 1.0, 1.0, 1.0, 1.0, 1.0, 1.0, 1.0, 1.0, 1.0, 1.0, 1.0, 1.0, 1.0, 1.0, 1.0, 1.0, 1.0, 1.0, 1.0, 1.0, 1.0, 1.0, 1.0, 1.0, 1.0, 1.0, 1.0, 1.0
0.0, 0.7198007733691997, 0.785095830531271, 0.792819014794889, 0.9552475622057834, 0.9978669300605245, 0.9978669300605245, 0.9978669300605245, 0.9978669300605245, 0.9978669300605245, 0.9978669300605245, 0.9978669300605245, 0.9978669300605245, 0.9978669300605245, 0.9978669300605245, 1.0, 1.0, 1.0, 1.0, 1.0, 1.0, 1.0, 1.0, 1.0, 1.0, 1.0, 1.0, 1.0, 1.0, 1.0, 1.0, 1.0, 1.0, 1.0, 1.0, 1.0, 1.0, 1.0, 1.0, 1.0, 1.0, 1.0, 1.0, 1.0, 1.0, 1.0, 1.0, 1.0, 1.0, 1.0, 1.0
0.0, 0.734332969065232, 0.734332969065232, 0.734332969065232, 0.9682141055817082, 0.9682141055817082, 0.9682141055817082, 1.0, 1.0, 1.0, 1.0, 1.0, 1.0, 1.0, 1.0, 1.0, 1.0, 1.0, 1.0, 1.0, 1.0, 1.0, 1.0, 1.0, 1.0, 1.0, 1.0, 1.0, 1.0, 1.0, 1.0, 1.0, 1.0, 1.0, 1.0, 1.0, 1.0, 1.0, 1.0, 1.0, 1.0, 1.0, 1.0, 1.0, 1.0, 1.0, 1.0, 1.0, 1.0, 1.0, 1.0
0.0, 0.8067207464694015, 0.8329480497646268, 0.8541316408876933, 0.9978669300605245, 1.0, 1.0, 1.0, 1.0, 1.0, 1.0, 1.0, 1.0, 1.0, 1.0, 1.0, 1.0, 1.0, 1.0, 1.0, 1.0, 1.0, 1.0, 1.0, 1.0, 1.0, 1.0, 1.0, 1.0, 1.0, 1.0, 1.0, 1.0, 1.0, 1.0, 1.0, 1.0, 1.0, 1.0, 1.0, 1.0, 1.0, 1.0, 1.0, 1.0, 1.0, 1.0, 1.0, 1.0, 1.0, 1.0
0.0, 0.7807456287827841, 0.8069729320780095, 0.8254245124411567, 0.95323007733692, 0.95323007733692, 0.9925710322797578, 0.9925710322797578, 0.9925710322797578, 0.9925710322797578, 0.9925710322797578, 0.9925710322797578, 0.9925710322797578, 0.9925710322797578, 0.9925710322797578, 0.9925710322797578, 0.9925710322797578, 0.9925710322797578, 0.9925710322797578, 0.9925710322797578, 0.9978669300605245, 1.0, 1.0, 1.0, 1.0, 1.0, 1.0, 1.0, 1.0, 1.0, 1.0, 1.0, 1.0, 1.0, 1.0, 1.0, 1.0, 1.0, 1.0, 1.0, 1.0, 1.0, 1.0, 1.0, 1.0, 1.0, 1.0, 1.0, 1.0, 1.0, 1.0
0.4864029926025555, 0.8451895595158037, 0.8846355917955615, 0.8846355917955615, 0.9323722259583053, 0.9519271183591123, 0.9519271183591123, 0.9637483187626092, 0.9637483187626092, 0.9637798419636853, 0.9637798419636853, 0.9637798419636853, 0.9637798419636853, 0.9925710322797578, 0.9925710322797578, 0.9925710322797578, 0.9925710322797578, 1.0, 1.0, 1.0, 1.0, 1.0, 1.0, 1.0, 1.0, 1.0, 1.0, 1.0, 1.0, 1.0, 1.0, 1.0, 1.0, 1.0, 1.0, 1.0, 1.0, 1.0, 1.0, 1.0, 1.0, 1.0, 1.0, 1.0, 1.0, 1.0, 1.0, 1.0, 1.0, 1.0, 1.0
0.0, 0.7599087928715534, 0.7861360961667787, 0.8439706624075319, 0.890582969065232, 0.9464210659045057, 0.9552475622057834, 0.9788584398117014, 0.9788584398117014, 0.9788584398117014, 0.9788584398117014, 0.9788584398117014, 0.9788584398117014, 0.9788584398117014, 0.9788584398117014, 0.9791421486213854, 1.0, 1.0, 1.0, 1.0, 1.0, 1.0, 1.0, 1.0, 1.0, 1.0, 1.0, 1.0, 1.0, 1.0, 1.0, 1.0, 1.0, 1.0, 1.0, 1.0, 1.0, 1.0, 1.0, 1.0, 1.0, 1.0, 1.0, 1.0, 1.0, 1.0, 1.0, 1.0, 1.0, 1.0, 1.0