0.0, 0.7422680412371134, 0.7422680412371134, 0.7422680412371134, 0.7719072164948454, 0.8324742268041238, 0.8324742268041238, 0.8324742268041238, 0.9858247422680413, 0.9858247422680413, 0.9858247422680413, 0.9858247422680413, 0.9858247422680413, 0.9858247422680413, 0.9858247422680413, 0.9858247422680413, 0.9858247422680413, 1.0, 1.0, 1.0, 1.0, 1.0, 1.0, 1.0, 1.0, 1.0, 1.0, 1.0, 1.0, 1.0, 1.0, 1.0, 1.0, 1.0, 1.0, 1.0, 1.0, 1.0, 1.0, 1.0, 1.0, 1.0, 1.0, 1.0, 1.0, 1.0, 1.0, 1.0, 1.0, 1.0, 1.0
0.0, 0.7680412371134021, 0.7912371134020618, 0.7912371134020618, 0.7912371134020618, 0.8324742268041238, 0.8324742268041238, 0.8324742268041238, 1.0, 1.0, 1.0, 1.0, 1.0, 1.0, 1.0, 1.0, 1.0, 1.0, 1.0, 1.0, 1.0, 1.0, 1.0, 1.0, 1.0, 1.0, 1.0, 1.0, 1.0, 1.0, 1.0, 1.0, 1.0, 1.0, 1.0, 1.0, 1.0, 1.0, 1.0, 1.0, 1.0, 1.0, 1.0, 1.0, 1.0, 1.0, 1.0, 1.0, 1.0, 1.0, 1.0
0.0, 0.788659793814433, 0.788659793814433, 0.788659793814433, 0.788659793814433, 0.788659793814433, 0.788659793814433, 0.788659793814433, 0.8402061855670103, 0.8402061855670103, 0.9149484536082474, 0.9149484536082474, 0.9149484536082474, 0.9149484536082474, 0.9149484536082474, 0.9149484536082474, 0.9149484536082474, 0.9819587628865979, 0.9819587628865979, 0.9819587628865979, 0.9819587628865979, 0.9819587628865979, 0.9819587628865979, 0.9819587628865979, 0.9819587628865979, 0.9819587628865979, 0.9819587628865979, 0.9858247422680413, 0.9858247422680413, 0.9858247422680413, 0.9858247422680413, 0.9858247422680413, 0.9858247422680413, 0.9858247422680413, 1.0, 1.0, 1.0, 1.0, 1.0, 1.0, 1.0, 1.0, 1.0, 1.0, 1.0, 1.0, 1.0, 1.0, 1.0, 1.0, 1.0
0.0, 0.8324742268041238, 0.8324742268041238, 0.8324742268041238, 0.8324742268041238, 0.8324742268041238, 0.8324742268041238, 0.8324742268041238, 1.0, 1.0, 1.0, 1.0, 1.0, 1.0, 1.0, 1.0, 1.0, 1.0, 1.0, 1.0, 1.0, 1.0, 1.0, 1.0, 1.0, 1.0, 1.0, 1.0, 1.0, 1.0, 1.0, 1.0, 1.0, 1.0, 1.0, 1.0, 1.0, 1.0, 1.0, 1.0, 1.0, 1.0, 1.0, 1.0, 1.0, 1.0, 1.0, 1.0, 1.0, 1.0, 1.0
0.0, 0.7770618556701031, 0.7770618556701031, 0.7770618556701031, 0.7770618556701031, 0.7770618556701031, 0.7770618556701031, 0.7770618556701031, 1.0, 1.0, 1.0, 1.0, 1.0, 1.0, 1.0, 1.0, 1.0, 1.0, 1.0, 1.0, 1.0, 1.0, 1.0, 1.0, 1.0, 1.0, 1.0, 1.0, 1.0, 1.0, 1.0, 1.0, 1.0, 1.0, 1.0, 1.0, 1.0, 1.0, 1.0, 1.0, 1.0, 1.0, 1.0, 1.0, 1.0, 1.0, 1.0, 1.0, 1.0, 1.0, 1.0
0.0, 0.8646907216494846, 0.8646907216494846, 0.8646907216494846, 0.8646907216494846, 0.8646907216494846, 0.8646907216494846, 0.8646907216494846, 1.0, 1.0, 1.0, 1.0, 1.0, 1.0, 1.0, 1.0, 1.0, 1.0, 1.0, 1.0, 1.0, 1.0, 1.0, 1.0, 1.0, 1.0, 1.0, 1.0, 1.0, 1.0, 1.0, 1.0, 1.0, 1.0, 1.0, 1.0, 1.0, 1.0, 1.0, 1.0, 1.0, 1.0, 1.0, 1.0, 1.0, 1.0, 1.0, 1.0, 1.0, 1.0, 1.0
0.0, 0.7087628865979382, 0.7126288659793815, 0.7126288659793815, 0.7126288659793815, 0.8608247422680413, 0.8608247422680413, 0.8608247422680413, 1.0, 1.0, 1.0, 1.0, 1.0, 1.0, 1.0, 1.0, 1.0, 1.0, 1.0, 1.0, 1.0, 1.0, 1.0, 1.0, 1.0, 1.0, 1.0, 1.0, 1.0, 1.0, 1.0, 1.0, 1.0, 1.0, 1.0, 1.0, 1.0, 1.0, 1.0, 1.0, 1.0, 1.0, 1.0, 1.0, 1.0, 1.0, 1.0, 1.0, 1.0, 1.0, 1.0
0.0, 0.8646907216494846, 0.8646907216494846, 0.8646907216494846, 0.8646907216494846, 0.8646907216494846, 0.8646907216494846, 0.8646907216494846, 1.0, 1.0, 1.0, 1.0, 1.0, 1.0, 1.0, 1.0, 1.0, 1.0, 1.0, 1.0, 1.0, 1.0, 1.0, 1.0, 1.0, 1.0, 1.0, 1.0, 1.0, 1.0, 1.0, 1.0, 1.0, 1.0, 1.0, 1.0, 1.0, 1.0, 1.0, 1.0, 1.0, 1.0, 1.0, 1.0, 1.0, 1.0, 1.0, 1.0, 1.0, 1.0, 1.0
0.0, 0.8466494845360825, 0.8466494845360825, 0.8466494845360825, 0.8646907216494846, 0.8646907216494846, 0.8646907216494846, 0.9226804123711341, 1.0, 1.0, 1.0, 1.0, 1.0, 1.0, 1.0, 1.0, 1.0, 1.0, 1.0, 1.0, 1.0, 1.0, 1.0, 1.0, 1.0, 1.0, 1.0, 1.0, 1.0, 1.0, 1.0, 1.0, 1.0, 1.0, 1.0, 1.0, 1.0, 1.0, 1.0, 1.0, 1.0, 1.0, 1.0, 1.0, 1.0, 1.0, 1.0, 1.0, 1.0, 1.0, 1.0
0.0, 0.8324742268041238, 0.8324742268041238, 0.8324742268041238, 0.8324742268041238, 0.8324742268041238, 0.8324742268041238, 0.8324742268041238, 1.0, 1.0, 1.0, 1.0, 1.0, 1.0, 1.0, 1.0, 1.0, 1.0, 1.0, 1.0, 1.0, 1.0, 1.0, 1.0, 1.0, 1.0, 1.0, 1.0, 1.0, 1.0, 1.0, 1.0, 1.0, 1.0, 1.0, 1.0, 1.0, 1.0, 1.0, 1.0, 1.0, 1.0, 1.0, 1.0, 1.0, 1.0, 1.0, 1.0, 1.0, 1.0, 1.0
0.0, 0.711340206185567, 0.7783505154639175, 0.7783505154639175, 0.7783505154639175, 0.7783505154639175, 0.7783505154639175, 0.7783505154639175, 1.0, 1.0, 1.0, 1.0, 1.0, 1.0, 1.0, 1.0, 1.0, 1.0, 1.0, 1.0, 1.0, 1.0, 1.0, 1.0, 1.0, 1.0, 1.0, 1.0, 1.0, 1.0, 1.0, 1.0, 1.0, 1.0, 1.0, 1.0, 1.0, 1.0, 1.0, 1.0, 1.0, 1.0, 1.0, 1.0, 1.0, 1.0, 1.0, 1.0, 1.0, 1.0, 1.0
0.0, 0.7603092783505154, 0.7603092783505154, 0.7603092783505154, 0.7603092783505154, 0.8479381443298969, 0.8479381443298969, 0.9317010309278351, 0.9394329896907216, 1.0, 1.0, 1.0, 1.0, 1.0, 1.0, 1.0, 1.0, 1.0, 1.0, 1.0, 1.0, 1.0, 1.0, 1.0, 1.0, 1.0, 1.0, 1.0, 1.0, 1.0, 1.0, 1.0, 1.0, 1.0, 1.0, 1.0, 1.0, 1.0, 1.0, 1.0, 1.0, 1.0, 1.0, 1.0, 1.0, 1.0, 1.0, 1.0, 1.0, 1.0, 1.0
0.0, 0.6778350515463918, 0.6778350515463918, 0.6778350515463918, 0.6881443298969072, 0.7332474226804123, 0.7332474226804123, 0.7332474226804123, 1.0, 1.0, 1.0, 1.0, 1.0, 1.0, 1.0, 1.0, 1.0, 1.0, 1.0, 1.0, 1.0, 1.0, 1.0, 1.0, 1.0, 1.0, 1.0, 1.0, 1.0, 1.0, 1.0, 1.0, 1.0, 1.0, 1.0, 1.0, 1.0, 1.0, 1.0, 1.0, 1.0, 1.0, 1.0, 1.0, 1.0, 1.0, 1.0, 1.0, 1.0, 1.0, 1.0
0.0, 0.7938144329896907, 0.7938144329896907, 0.7938144329896907, 0.7938144329896907, 0.8247422680412371, 0.8247422680412371, 0.8247422680412371, 0.9819587628865979, 0.9858247422680413, 0.9858247422680413, 0.9858247422680413, 0.9858247422680413, 0.9858247422680413, 0.9858247422680413, 0.9858247422680413, 0.9858247422680413, 0.9858247422680413, 1.0, 1.0, 1.0, 1.0, 1.0, 1.0, 1.0, 1.0, 1.0, 1.0, 1.0, 1.0, 1.0, 1.0, 1.0, 1.0, 1.0, 1.0, 1.0, 1.0, 1.0, 1.0, 1.0, 1.0, 1.0, 1.0, 1.0, 1.0, 1.0, 1.0, 1.0, 1.0, 1.0
0.0, 0.711340206185567, 0.711340206185567, 0.711340206185567, 0.711340206185567, 0.7358247422680413, 0.7358247422680413, 0.7358247422680413, 1.0, 1.0, 1.0, 1.0, 1.0, 1.0, 1.0, 1.0, 1.0, 1.0, 1.0, 1.0, 1.0, 1.0, 1.0, 1.0, 1.0, 1.0, 1.0, 1.0, 1.0, 1.0, 1.0, 1.0, 1.0, 1.0, 1.0, 1.0, 1.0, 1.0, 1.0, 1.0, 1.0, 1.0, 1.0, 1.0, 1.0, 1.0, 1.0, 1.0, 1.0, 1.0, 1.0
0.0, 0.7731958762886598, 0.7731958762886598, 0.7731958762886598, 0.7731958762886598, 0.7731958762886598, 0.7731958762886598, 0.7731958762886598, 0.9072164948453608, 0.9355670103092784, 0.9355670103092784, 0.9355670103092784, 0.9355670103092784, 0.9355670103092784, 0.9355670103092784, 0.9355670103092784, 0.9819587628865979, 0.9819587628865979, 0.9819587628865979, 0.9819587628865979, 0.9819587628865979, 0.9819587628865979, 0.9819587628865979, 0.9819587628865979, 0.9819587628865979, 0.9819587628865979, 0.9819587628865979, 0.9819587628865979, 0.9819587628865979, 0.9819587628865979, 0.9819587628865979, 0.9819587628865979, 0.9819587628865979, 0.9819587628865979, 1.0, 1.0, 1.0, 1.0, 1.0, 1.0, 1.0, 1.0, 1.0, 1.0, 1.0, 1.0, 1.0, 1.0, 1.0, 1.0, 1.0
0.0, 0.7731958762886598, 0.7731958762886598, 0.7731958762886598, 0.7744845360824743, 0.7744845360824743, 0.7744845360824743, 0.8105670103092784, 1.0, 1.0, 1.0, 1.0, 1.0, 1.0, 1.0, 1.0, 1.0, 1.0, 1.0, 1.0, 1.0, 1.0, 1.0, 1.0, 1.0, 1.0, 1.0, 1.0, 1.0, 1.0, 1.0, 1.0, 1.0, 1.0, 1.0, 1.0, 1.0, 1.0, 1.0, 1.0, 1.0, 1.0, 1.0, 1.0, 1.0, 1.0, 1.0, 1.0, 1.0, 1.0, 1.0
0.0, 0.6958762886597938, 0.7190721649484536, 0.7190721649484536, 0.7190721649484536, 0.7216494845360825, 0.7216494845360825, 0.7216494845360825, 1.0, 1.0, 1.0, 1.0, 1.0, 1.0, 1.0, 1.0, 1.0, 1.0, 1.0, 1.0, 1.0, 1.0, 1.0, 1.0, 1.0, 1.0, 1.0, 1.0, 1.0, 1.0, 1.0, 1.0, 1.0, 1.0, 1.0, 1.0, 1.0, 1.0, 1.0, 1.0, 1.0, 1.0, 1.0, 1.0, 1.0, 1.0, 1.0, 1.0, 1.0, 1.0, 1.0
0.0, 0.7384020618556701, 0.7384020618556701, 0.7384020618556701, 0.7384020618556701, 0.7384020618556701, 0.7384020618556701, 0.7384020618556701, 1.0, 1.0, 1.0, 1.0, 1.0, 1.0, 1.0, 1.0, 1.0, 1.0, 1.0, 1.0, 1.0, 1.0, 1.0, 1.0, 1.0, 1.0, 1.0, 1.0, 1.0, 1.0, 1.0, 1.0, 1.0, 1.0, 1.0, 1.0, 1.0, 1.0, 1.0, 1.0, 1.0, 1.0, 1.0, 1.0, 1.0, 1.0, 1.0, 1.0, 1.0, 1.0, 1.0
0.0, 0.8144329896907216, 0.8144329896907216, 0.8144329896907216, 0.8608247422680413, 0.8608247422680413, 0.8608247422680413, 0.8608247422680413, 1.0, 1.0, 1.0, 1.0, 1.0, 1.0, 1.0, 1.0, 1.0, 1.0, 1.0, 1.0, 1.0, 1.0, 1.0, 1.0, 1.0, 1.0, 1.0, 1.0, 1.0, 1.0, 1.0, 1.0, 1.0, 1.0, 1.0, 1.0, 1.0, 1.0, 1.0, 1.0, 1.0, 1.0, 1.0, 1.0, 1.0, 1.0, 1.0, 1.0, 1.0, 1.0, 1.0
0.0, 0.7641752577319587, 0.7641752577319587, 0.7641752577319587, 0.7847938144329897, 0.7847938144329897, 0.7847938144329897, 0.8002577319587629, 1.0, 1.0, 1.0, 1.0, 1.0, 1.0, 1.0, 1.0, 1.0, 1.0, 1.0, 1.0, 1.0, 1.0, 1.0, 1.0, 1.0, 1.0, 1.0, 1.0, 1.0, 1.0, 1.0, 1.0, 1.0, 1.0, 1.0, 1.0, 1.0, 1.0, 1.0, 1.0, 1.0, 1.0, 1.0, 1.0, 1.0, 1.0, 1.0, 1.0, 1.0, 1.0, 1.0
0.0, 0.8311855670103093, 0.8311855670103093, 0.8311855670103093, 0.8311855670103093, 0.8311855670103093, 0.8311855670103093, 0.8311855670103093, 1.0, 1.0, 1.0, 1.0, 1.0, 1.0, 1.0, 1.0, 1.0, 1.0, 1.0, 1.0, 1.0, 1.0, 1.0, 1.0, 1.0, 1.0, 1.0, 1.0, 1.0, 1.0, 1.0, 1.0, 1.0, 1.0, 1.0, 1.0, 1.0, 1.0, 1.0, 1.0, 1.0, 1.0, 1.0, 1.0, 1.0, 1.0, 1.0, 1.0, 1.0, 1.0, 1.0
0.0, 0.9059278350515464, 0.9059278350515464, 0.9059278350515464, 0.9201030927835051, 0.9201030927835051, 0.9201030927835051, 0.9819587628865979, 1.0, 1.0, 1.0, 1.0, 1.0, 1.0, 1.0, 1.0, 1.0, 1.0, 1.0, 1.0, 1.0, 1.0, 1.0, 1.0, 1.0, 1.0, 1.0, 1.0, 1.0, 1.0, 1.0, 1.0, 1.0, 1.0, 1.0, 1.0, 1.0, 1.0, 1.0, 1.0, 1.0, 1.0, 1.0, 1.0, 1.0, 1.0, 1.0, 1.0, 1.0, 1.0, 1.0
0.0, 0.6713917525773195, 0.6945876288659794, 0.6945876288659794, 0.6997422680412371, 0.6997422680412371, 0.6997422680412371, 0.6997422680412371, 0.884020618556701, 0.884020618556701, 0.9149484536082474, 0.9149484536082474, 0.9149484536082474, 0.9149484536082474, 0.9149484536082474, 0.9149484536082474, 0.9819587628865979, 0.9819587628865979, 0.9819587628865979, 0.9819587628865979, 0.9819587628865979, 0.9819587628865979, 0.9819587628865979, 0.9819587628865979, 0.9819587628865979, 0.9819587628865979, 0.9819587628865979, 0.9858247422680413, 0.9858247422680413, 0.9858247422680413, 0.9858247422680413, 0.9858247422680413, 0.9858247422680413, 0.9858247422680413, 1.0, 1.0, 1.0, 1.0, 1.0, 1.0, 1.0, 1.0, 1.0, 1.0, 1.0, 1.0, 1.0, 1.0, 1.0, 1.0, 1.0
0.0, 0.7603092783505154, 0.7603092783505154, 0.7603092783505154, 0.7603092783505154, 0.7603092783505154, 0.7603092783505154, 0.7603092783505154, 1.0, 1.0, 1.0, 1.0, 1.0, 1.0, 1.0, 1.0, 1.0, 1.0, 1.0, 1.0, 1.0, 1.0, 1.0, 1.0, 1.0, 1.0, 1.0, 1.0, 1.0, 1.0, 1.0, 1.0, 1.0, 1.0, 1.0, 1.0, 1.0, 1.0, 1.0, 1.0, 1.0, 1.0, 1.0, 1.0, 1.0, 1.0, 1.0, 1.0, 1.0, 1.0, 1.0
0.0, 0.8608247422680413, 0.8608247422680413, 0.8608247422680413, 0.8608247422680413, 0.8608247422680413, 0.8608247422680413, 0.8608247422680413, 1.0, 1.0, 1.0, 1.0, 1.0, 1.0, 1.0, 1.0, 1.0, 1.0, 1.0, 1.0, 1.0, 1.0, 1.0, 1.0, 1.0, 1.0, 1.0, 1.0, 1.0, 1.0, 1.0, 1.0, 1.0, 1.0, 1.0, 1.0, 1.0, 1.0, 1.0, 1.0, 1.0, 1.0, 1.0, 1.0, 1.0, 1.0, 1.0, 1.0, 1.0, 1.0, 1.0
0.0, 0.7358247422680413, 0.7358247422680413, 0.7358247422680413, 0.7358247422680413, 0.7358247422680413, 0.7358247422680413, 0.7358247422680413, 0.884020618556701, 0.9858247422680413, 0.9858247422680413, 0.9858247422680413, 0.9858247422680413, 0.9858247422680413, 0.9858247422680413, 0.9858247422680413, 0.9858247422680413, 0.9858247422680413, 1.0, 1.0, 1.0, 1.0, 1.0, 1.0, 1.0, 1.0, 1.0, 1.0, 1.0, 1.0, 1.0, 1.0, 1.0, 1.0, 1.0, 1.0, 1.0, 1.0, 1.0, 1.0, 1.0, 1.0, 1.0, 1.0, 1.0, 1.0, 1.0, 1.0, 1.0, 1.0, 1.0
0.0, 0.8157216494845361, 0.8157216494845361, 0.8157216494845361, 0.8157216494845361, 0.8157216494845361, 0.8157216494845361, 0.8157216494845361, 1.0, 1.0, 1.0, 1.0, 1.0, 1.0, 1.0, 1.0, 1.0, 1.0, 1.0, 1.0, 1.0, 1.0, 1.0, 1.0, 1.0, 1.0, 1.0, 1.0, 1.0, 1.0, 1.0, 1.0, 1.0, 1.0, 1.0, 1.0, 1.0, 1.0, 1.0, 1.0, 1.0, 1.0, 1.0, 1.0, 1.0, 1.0, 1.0, 1.0, 1.0, 1.0, 1.0
0.0, 0.7693298969072165, 0.7693298969072165, 0.7693298969072165, 0.8157216494845361, 0.8157216494845361, 0.8157216494845361, 0.8157216494845361, 1.0, 1.0, 1.0, 1.0, 1.0, 1.0, 1.0, 1.0, 1.0, 1.0, 1.0, 1.0, 1.0, 1.0, 1.0, 1.0, 1.0, 1.0, 1.0, 1.0, 1.0, 1.0, 1.0, 1.0, 1.0, 1.0, 1.0, 1.0, 1.0, 1.0, 1.0, 1.0, 1.0, 1.0, 1.0, 1.0, 1.0, 1.0, 1.0, 1.0, 1.0, 1.0, 1.0
0.0, 0.6713917525773195, 0.6945876288659794, 0.6945876288659794, 0.6945876288659794, 0.7577319587628866, 0.7577319587628866, 0.7577319587628866, 1.0, 1.0, 1.0, 1.0, 1.0, 1.0, 1.0, 1.0, 1.0, 1.0, 1.0, 1.0, 1.0, 1.0, 1.0, 1.0, 1.0, 1.0, 1.0, 1.0, 1.0, 1.0, 1.0, 1.0, 1.0, 1.0, 1.0, 1.0, 1.0, 1.0, 1.0, 1.0, 1.0, 1.0, 1.0, 1.0, 1.0, 1.0, 1.0, 1.0, 1.0, 1.0, 1.0